0    1.57079    -0.000942312    -0.0999529    9.80996
0.00942478    1.57078    -0.00188451    -0.0999235    9.80983
0.0188496    1.57076    -0.00282694    -0.0999297    9.80962
0.0282743    1.57073    -0.00376993    -0.0999714    9.80932
0.0376991    1.57069    -0.00471381    -0.100049    9.80893
0.0471239    1.57064    -0.00565893    -0.100161    9.80846
0.0565487    1.57058    -0.0066056    -0.100309    9.80791
0.0659734    1.57051    -0.00755417    -0.100493    9.80727
0.0753982    1.57044    -0.00850497    -0.100711    9.80654
0.084823    1.57035    -0.00945834    -0.100966    9.80573
0.0942478    1.57026    -0.0104146    -0.101255    9.80483
0.103673    1.57016    -0.0113741    -0.10158    9.80384
0.113097    1.57004    -0.0123371    -0.10194    9.80277
0.122522    1.56992    -0.0133041    -0.102335    9.80161
0.131947    1.56979    -0.0142753    -0.102765    9.80036
0.141372    1.56965    -0.015251    -0.103231    9.79902
0.150796    1.56951    -0.0162316    -0.103732    9.7976
0.160221    1.56935    -0.0172174    -0.104267    9.79608
0.169646    1.56918    -0.0182088    -0.104838    9.79448
0.179071    1.569    -0.019206    -0.105444    9.79279
0.188496    1.56882    -0.0202095    -0.106084    9.79101
0.19792    1.56862    -0.0212195    -0.10676    9.78913
0.207345    1.56842    -0.0222363    -0.10747    9.78717
0.21677    1.5682    -0.0232604    -0.108215    9.78511
0.226195    1.56798    -0.0242919    -0.108995    9.78296
0.235619    1.56775    -0.0253313    -0.109809    9.78072
0.245044    1.5675    -0.0263789    -0.110658    9.77839
0.254469    1.56725    -0.027435    -0.111542    9.77595
0.263894    1.56699    -0.0284998    -0.11246    9.77343
0.273319    1.56671    -0.0295739    -0.113412    9.77081
0.282743    1.56643    -0.0306574    -0.114399    9.76809
0.292168    1.56613    -0.0317507    -0.11542    9.76527
0.301593    1.56583    -0.0328541    -0.116475    9.76235
0.311018    1.56551    -0.0339679    -0.117565    9.75934
0.320442    1.56519    -0.0350925    -0.118688    9.75623
0.329867    1.56485    -0.0362281    -0.119846    9.75301
0.339292    1.56451    -0.0373752    -0.121037    9.74969
0.348717    1.56415    -0.038534    -0.122263    9.74627
0.358142    1.56378    -0.0397048    -0.123522    9.74275
0.367566    1.5634    -0.0408879    -0.124814    9.73912
0.376991    1.56301    -0.0420838    -0.126141    9.73538
0.386416    1.56261    -0.0432926    -0.1275    9.73154
0.395841    1.56219    -0.0445147    -0.128894    9.72758
0.405265    1.56177    -0.0457504    -0.13032    9.72352
0.41469    1.56133    -0.047    -0.13178    9.71935
0.424115    1.56088    -0.0482639    -0.133273    9.71507
0.43354    1.56042    -0.0495423    -0.134799    9.71067
0.442965    1.55995    -0.0508356    -0.136359    9.70616
0.452389    1.55946    -0.0521441    -0.13795    9.70154
0.461814    1.55896    -0.053468    -0.139575    9.69679
0.471239    1.55845    -0.0548077    -0.141233    9.69193
0.480664    1.55793    -0.0561636    -0.142923    9.68696
0.490088    1.5574    -0.0575358    -0.144645    9.68186
0.499513    1.55685    -0.0589247    -0.1464    9.67663
0.508938    1.55629    -0.0603306    -0.148187    9.67129
0.518363    1.55571    -0.0617538    -0.150006    9.66582
0.527788    1.55512    -0.0631947    -0.151857    9.66023
0.537212    1.55452    -0.0646534    -0.15374    9.6545
0.546637    1.5539    -0.0661304    -0.155655    9.64865
0.556062    1.55327    -0.0676258    -0.157601    9.64267
0.565487    1.55263    -0.0691401    -0.159579    9.63655
0.574911    1.55197    -0.0706735    -0.161588    9.63031
0.584336    1.5513    -0.0722262    -0.163629    9.62392
0.593761    1.55061    -0.0737987    -0.165701    9.6174
0.603186    1.5499    -0.0753911    -0.167804    9.61075
0.612611    1.54919    -0.0770038    -0.169937    9.60395
0.622035    1.54845    -0.0786371    -0.172101    9.59701
0.63146    1.5477    -0.0802912    -0.174296    9.58993
0.640885    1.54694    -0.0819665    -0.176522    9.5827
0.65031    1.54616    -0.0836632    -0.178777    9.57533
0.659734    1.54536    -0.0853815    -0.181063    9.56781
0.669159    1.54455    -0.0871219    -0.183379    9.56014
0.678584    1.54372    -0.0888845    -0.185724    9.55231
0.688009    1.54287    -0.0906697    -0.1881    9.54434
0.697434    1.54201    -0.0924777    -0.190505    9.5362
0.706858    1.54113    -0.0943088    -0.192939    9.52791
0.716283    1.54023    -0.0961633    -0.195402    9.51947
0.725708    1.53932    -0.0980414    -0.197894    9.51086
0.735133    1.53838    -0.0999435    -0.200416    9.50209
0.744557    1.53743    -0.10187    -0.202965    9.49315
0.753982    1.53646    -0.10382    -0.205544    9.48405
0.763407    1.53548    -0.105796    -0.20815    9.47478
0.772832    1.53447    -0.107796    -0.210785    9.46534
0.782257    1.53344    -0.109822    -0.213448    9.45573
0.791681    1.5324    -0.111873    -0.216138    9.44594
0.801106    1.53134    -0.11395    -0.218856    9.43598
0.810531    1.53025    -0.116053    -0.221602    9.42584
0.819956    1.52915    -0.118182    -0.224374    9.41552
0.82938    1.52802    -0.120338    -0.227173    9.40502
0.838805    1.52688    -0.122521    -0.23    9.39433
0.84823    1.52571    -0.124731    -0.232852    9.38346
0.857655    1.52453    -0.126968    -0.235731    9.3724
0.86708    1.52332    -0.129232    -0.238636    9.36115
0.876504    1.52209    -0.131524    -0.241567    9.3497
0.885929    1.52084    -0.133845    -0.244524    9.33807
0.895354    1.51957    -0.136193    -0.247506    9.32623
0.904779    1.51827    -0.13857    -0.250513    9.3142
0.914203    1.51696    -0.140976    -0.253545    9.30197
0.923628    1.51562    -0.143411    -0.256602    9.28954
0.933053    1.51425    -0.145875    -0.259683    9.2769
0.942478    1.51287    -0.148368    -0.262789    9.26405
0.951903    1.51146    -0.150891    -0.265918    9.25099
0.961327    1.51002    -0.153444    -0.269071    9.23773
0.970752    1.50856    -0.156027    -0.272248    9.22425
0.980177    1.50708    -0.158641    -0.275448    9.21055
0.989602    1.50557    -0.161284    -0.27867    9.19664
0.999026    1.50404    -0.163959    -0.281915    9.18251
1.00845    1.50248    -0.166665    -0.285183    9.16815
1.01788    1.5009    -0.169401    -0.288472    9.15357
1.0273    1.49929    -0.172169    -0.291783    9.13877
1.03673    1.49765    -0.174969    -0.295116    9.12374
1.04615    1.49599    -0.177801    -0.29847    9.10847
1.05558    1.4943    -0.180664    -0.301844    9.09297
1.065    1.49259    -0.183559    -0.30524    9.07724
1.07442    1.49084    -0.186487    -0.308655    9.06127
1.08385    1.48907    -0.189448    -0.31209    9.04506
1.09327    1.48727    -0.192441    -0.315545    9.02861
1.1027    1.48544    -0.195467    -0.319019    9.01192
1.11212    1.48359    -0.198526    -0.322512    8.99498
1.12155    1.4817    -0.201618    -0.326023    8.97779
1.13097    1.47979    -0.204744    -0.329553    8.96035
1.1404    1.47784    -0.207904    -0.3331    8.94266
1.14982    1.47587    -0.211097    -0.336665    8.92471
1.15925    1.47386    -0.214324    -0.340247    8.90651
1.16867    1.47183    -0.217585    -0.343845    8.88805
1.1781    1.46976    -0.22088    -0.34746    8.86932
1.18752    1.46766    -0.22421    -0.351091    8.85034
1.19695    1.46554    -0.227574    -0.354738    8.83109
1.20637    1.46337    -0.230973    -0.358399    8.81157
1.2158    1.46118    -0.234407    -0.362076    8.79178
1.22522    1.45896    -0.237876    -0.365766    8.77172
1.23465    1.4567    -0.24138    -0.369471    8.75138
1.24407    1.45441    -0.244919    -0.373189    8.73077
1.2535    1.45208    -0.248493    -0.37692    8.70988
1.26292    1.44972    -0.252103    -0.380664    8.68872
1.27235    1.44733    -0.255748    -0.384419    8.66726
1.28177    1.4449    -0.259429    -0.388187    8.64553
1.29119    1.44244    -0.263146    -0.391966    8.62351
1.30062    1.43994    -0.266899    -0.395755    8.6012
1.31004    1.43741    -0.270687    -0.399555    8.5786
1.31947    1.43484    -0.274512    -0.403365    8.55571
1.32889    1.43223    -0.278373    -0.407184    8.53253
1.33832    1.42959    -0.28227    -0.411011    8.50905
1.34774    1.42691    -0.286203    -0.414847    8.48527
1.35717    1.4242    -0.290173    -0.418691    8.4612
1.36659    1.42144    -0.29418    -0.422542    8.43682
1.37602    1.41865    -0.298222    -0.4264    8.41214
1.38544    1.41582    -0.302302    -0.430264    8.38716
1.39487    1.41295    -0.306418    -0.434133    8.36186
1.40429    1.41004    -0.310571    -0.438008    8.33627
1.41372    1.4071    -0.31476    -0.441887    8.31036
1.42314    1.40411    -0.318987    -0.445769    8.28414
1.43257    1.40109    -0.32325    -0.449656    8.25761
1.44199    1.39802    -0.32755    -0.453545    8.23076
1.45142    1.39491    -0.331886    -0.457436    8.2036
1.46084    1.39176    -0.33626    -0.461328    8.17612
1.47027    1.38857    -0.340671    -0.465222    8.14832
1.47969    1.38534    -0.345118    -0.469115    8.1202
1.48911    1.38207    -0.349602    -0.473008    8.09176
1.49854    1.37875    -0.354123    -0.476901    8.063
1.50796    1.37539    -0.358681    -0.480791    8.03391
1.51739    1.37199    -0.363276    -0.484679    8.0045
1.52681    1.36854    -0.367908    -0.488564    7.97476
1.53624    1.36505    -0.372576    -0.492445    7.9447
1.54566    1.36152    -0.377282    -0.496322    7.91431
1.55509    1.35794    -0.382023    -0.500194    7.88358
1.56451    1.35432    -0.386802    -0.504059    7.85253
1.57394    1.35065    -0.391617    -0.507918    7.82115
1.58336    1.34694    -0.396468    -0.51177    7.78943
1.59279    1.34318    -0.401356    -0.515614    7.75739
1.60221    1.33937    -0.406281    -0.519449    7.72501
1.61164    1.33552    -0.411241    -0.523274    7.6923
1.62106    1.33162    -0.416238    -0.527088    7.65925
1.63049    1.32767    -0.421271    -0.530892    7.62587
1.63991    1.32368    -0.42634    -0.534683    7.59215
1.64934    1.31964    -0.431444    -0.538461    7.5581
1.65876    1.31555    -0.436584    -0.542226    7.52372
1.66819    1.31141    -0.44176    -0.545977    7.48899
1.67761    1.30722    -0.446972    -0.549712    7.45394
1.68704    1.30298    -0.452218    -0.55343    7.41855
1.69646    1.2987    -0.4575    -0.557132    7.38282
1.70588    1.29436    -0.462816    -0.560816    7.34676
1.71531    1.28997    -0.468168    -0.564481    7.31036
1.72473    1.28553    -0.473554    -0.568126    7.27363
1.73416    1.28105    -0.478974    -0.571751    7.23657
1.74358    1.27651    -0.484428    -0.575354    7.19917
1.75301    1.27191    -0.489917    -0.578934    7.16144
1.76243    1.26727    -0.495439    -0.582491    7.12339
1.77186    1.26258    -0.500995    -0.586024    7.085
1.78128    1.25783    -0.506584    -0.589531    7.04628
1.79071    1.25303    -0.512206    -0.593012    7.00723
1.80013    1.24817    -0.517861    -0.596466    6.96786
1.80956    1.24326    -0.523549    -0.599891    6.92816
1.81898    1.2383    -0.529269    -0.603287    6.88814
1.82841    1.23329    -0.53502    -0.606653    6.84779
1.83783    1.22822    -0.540804    -0.609988    6.80713
1.84726    1.22309    -0.546619    -0.61329    6.76615
1.85668    1.21791    -0.552465    -0.616558    6.72485
1.86611    1.21268    -0.558341    -0.619793    6.68324
1.87553    1.20739    -0.564248    -0.622991    6.64132
1.88496    1.20204    -0.570186    -0.626153    6.59908
1.89438    1.19664    -0.576152    -0.629278    6.55654
1.90381    1.19118    -0.582149    -0.632364    6.5137
1.91323    1.18567    -0.588174    -0.635409    6.47056
1.92265    1.1801    -0.594228    -0.638414    6.42712
1.93208    1.17447    -0.60031    -0.641377    6.38338
1.9415    1.16878    -0.60642    -0.644297    6.33935
1.95093    1.16304    -0.612557    -0.647172    6.29504
1.96035    1.15724    -0.618721    -0.650002    6.25044
1.96978    1.15137    -0.624912    -0.652785    6.20557
1.9792    1.14546    -0.631129    -0.655521    6.16041
1.98863    1.13948    -0.637372    -0.658208    6.11499
1.99805    1.13344    -0.643639    -0.660844    6.0693
2.00748    1.12735    -0.649932    -0.663429    6.02334
2.0169    1.12119    -0.656248    -0.665962    5.97713
2.02633    1.11498    -0.662589    -0.668442    5.93067
2.03575    1.1087    -0.668952    -0.670866    5.88396
2.04518    1.10237    -0.675338    -0.673235    5.837
2.0546    1.09597    -0.681747    -0.675546    5.78981
2.06403    1.08952    -0.688176    -0.677799    5.74239
2.07345    1.083    -0.694627    -0.679993    5.69474
2.08288    1.07642    -0.701098    -0.682126    5.64688
2.0923    1.06978    -0.70759    -0.684196    5.5988
2.10173    1.06308    -0.7141    -0.686204    5.55052
2.11115    1.05632    -0.720629    -0.688147    5.50204
2.12058    1.0495    -0.727176    -0.690025    5.45336
2.13    1.04262    -0.733741    -0.691836    5.4045
2.13942    1.03567    -0.740322    -0.693578    5.35547
2.14885    1.02866    -0.74692    -0.695252    5.30626
2.15827    1.02159    -0.753533    -0.696855    5.25689
2.1677    1.01446    -0.760161    -0.698386    5.20737
2.17712    1.00726    -0.766803    -0.699845    5.15771
2.18655    1    -0.773458    -0.701229    5.1079
2.19597    0.992682    -0.780126    -0.702538    5.05797
2.2054    0.985298    -0.786807    -0.703771    5.00792
2.21482    0.977851    -0.793498    -0.704926    4.95776
2.22425    0.970341    -0.8002    -0.706003    4.90749
2.23367    0.962768    -0.806912    -0.706999    4.85714
2.2431    0.955131    -0.813633    -0.707914    4.80671
2.25252    0.947431    -0.820362    -0.708747    4.7562
2.26195    0.939668    -0.827098    -0.709496    4.70564
2.27137    0.931841    -0.833842    -0.71016    4.65503
2.2808    0.92395    -0.840591    -0.710739    4.60438
2.29022    0.915996    -0.847345    -0.711231    4.5537
2.29965    0.907978    -0.854103    -0.711635    4.503
2.30907    0.899897    -0.860865    -0.71195    4.4523
2.3185    0.891751    -0.867629    -0.712174    4.40161
2.32792    0.883542    -0.874396    -0.712308    4.35094
2.33734    0.875269    -0.881162    -0.712349    4.3003
2.34677    0.866933    -0.887929    -0.712296    4.2497
2.35619    0.858532    -0.894695    -0.712149    4.19916
2.36562    0.850068    -0.901459    -0.711907    4.1487
2.37504    0.84154    -0.908221    -0.711569    4.09831
2.38447    0.832949    -0.914978    -0.711133    4.04803
2.39389    0.824293    -0.921731    -0.710599    3.99785
2.40332    0.815574    -0.928479    -0.709965    3.94781
2.41274    0.806792    -0.93522    -0.709232    3.8979
2.42217    0.797946    -0.941954    -0.708397    3.84814
2.43159    0.789036    -0.948679    -0.707461    3.79856
2.44102    0.780064    -0.955395    -0.706422    3.74916
2.45044    0.771028    -0.962101    -0.705279    3.69996
2.45987    0.761929    -0.968796    -0.704032    3.65097
2.46929    0.752766    -0.975478    -0.702681    3.60222
2.47872    0.743541    -0.982147    -0.701223    3.55371
2.48814    0.734253    -0.988801    -0.699659    3.50546
2.49757    0.724903    -0.995441    -0.697988    3.45749
2.50699    0.71549    -1.00206    -0.69621    3.40982
2.51642    0.706014    -1.00867    -0.694323    3.36246
2.52584    0.696477    -1.01526    -0.692327    3.31543
2.53527    0.686877    -1.02183    -0.690222    3.26874
2.54469    0.677216    -1.02837    -0.688007    3.22242
2.55411    0.667493    -1.0349    -0.685682    3.17648
2.56354    0.657709    -1.0414    -0.683246    3.13094
2.57296    0.647863    -1.04788    -0.680699    3.08581
2.58239    0.637957    -1.05434    -0.678041    3.04112
2.59181    0.627989    -1.06077    -0.675272    2.99688
2.60124    0.617962    -1.06717    -0.67239    2.95311
2.61066    0.607874    -1.07355    -0.669396    2.90983
2.62009    0.597726    -1.07989    -0.66629    2.86706
2.62951    0.587518    -1.08621    -0.663072    2.82481
2.63894    0.577251    -1.0925    -0.659741    2.78311
2.64836    0.566925    -1.09875    -0.656298    2.74197
2.65779    0.556541    -1.10497    -0.652742    2.70142
2.66721    0.546097    -1.11116    -0.649074    2.66146
2.67664    0.535596    -1.11731    -0.645294    2.62213
2.68606    0.525037    -1.12343    -0.641402    2.58344
2.69549    0.51442    -1.12951    -0.637398    2.54541
2.70491    0.503746    -1.13555    -0.633283    2.50806
2.71434    0.493015    -1.14155    -0.629056    2.4714
2.72376    0.482228    -1.14751    -0.624719    2.43547
2.73319    0.471386    -1.15342    -0.620271    2.40027
2.74261    0.460487    -1.1593    -0.615713    2.36582
2.75204    0.449533    -1.16513    -0.611046    2.33216
2.76146    0.438525    -1.17092    -0.60627    2.29929
2.77088    0.427462    -1.17666    -0.601386    2.26723
2.78031    0.416346    -1.18236    -0.596395    2.23601
2.78973    0.405175    -1.18801    -0.591297    2.20564
2.79916    0.393952    -1.19361    -0.586093    2.17615
2.80858    0.382677    -1.19916    -0.580784    2.14755
2.81801    0.371349    -1.20466    -0.575372    2.11986
2.82743    0.35997    -1.2101    -0.569856    2.0931
2.83686    0.348539    -1.2155    -0.564238    2.06728
2.84628    0.337058    -1.22084    -0.558519    2.04244
2.85571    0.325527    -1.22613    -0.552701    2.01858
2.86513    0.313946    -1.23136    -0.546784    1.99573
2.87456    0.302317    -1.23653    -0.54077    1.9739
2.88398    0.290638    -1.24165    -0.53466    1.95312
2.89341    0.278912    -1.24671    -0.528455    1.93339
2.90283    0.267139    -1.25171    -0.522158    1.91474
2.91226    0.255318    -1.25665    -0.515769    1.89719
2.92168    0.243452    -1.26153    -0.509289    1.88074
2.93111    0.231539    -1.26635    -0.502722    1.86543
2.94053    0.219582    -1.27111    -0.496067    1.85126
2.94996    0.20758    -1.2758    -0.489328    1.83826
2.95938    0.195534    -1.28043    -0.482505    1.82643
2.96881    0.183444    -1.28499    -0.475601    1.8158
2.97823    0.171312    -1.28949    -0.468617    1.80639
2.98765    0.159138    -1.29392    -0.461555    1.79819
2.99708    0.146923    -1.29829    -0.454418    1.79124
3.0065    0.134666    -1.30258    -0.447207    1.78555
3.01593    0.12237    -1.30681    -0.439925    1.78112
3.02535    0.110034    -1.31097    -0.432573    1.77798
3.03478    0.0976586    -1.31506    -0.425154    1.77613
3.0442    0.0852454    -1.31908    -0.41767    1.7756
3.05363    0.0727947    -1.32303    -0.410124    1.77639
3.06305    0.060307    -1.32691    -0.402517    1.77852
3.07248    0.0477832    -1.33071    -0.394851    1.782
3.0819    0.0352239    -1.33445    -0.38713    1.78683
3.09133    0.0226298    -1.3381    -0.379356    1.79304
3.10075    0.0100015    -1.34169    -0.371531    1.80062
3.11018    -0.00266027    -1.3452    -0.363658    1.8096
3.1196    -0.0153547    -1.34864    -0.355739    1.81998
3.12903    -0.0280813    -1.352    -0.347777    1.83177
3.13845    -0.0408391    -1.35529    -0.339775    1.84498
3.14788    -0.0536276    -1.3585    -0.331734    1.85962
3.1573    -0.0664459    -1.36163    -0.323659    1.87569
3.16673    -0.0792934    -1.36469    -0.315551    1.8932
3.17615    -0.0921694    -1.36767    -0.307413    1.91216
3.18557    -0.105073    -1.37057    -0.299249    1.93258
3.195    -0.118004    -1.3734    -0.29106    1.95445
3.20442    -0.130961    -1.37615    -0.28285    1.97779
3.21385    -0.143943    -1.37882    -0.274621    2.00261
3.22327    -0.156951    -1.38142    -0.266377    2.02889
3.2327    -0.169982    -1.38393    -0.25812    2.05665
3.24212    -0.183037    -1.38637    -0.249853    2.0859
3.25155    -0.196115    -1.38873    -0.241579    2.11662
3.26097    -0.209214    -1.39101    -0.2333    2.14883
3.2704    -0.222334    -1.39322    -0.225021    2.18252
3.27982    -0.235475    -1.39534    -0.216743    2.2177
3.28925    -0.248636    -1.39739    -0.20847    2.25436
3.29867    -0.261815    -1.39936    -0.200205    2.29251
3.3081    -0.275013    -1.40125    -0.19195    2.33214
3.31752    -0.288228    -1.40306    -0.183708    2.37325
3.32695    -0.301459    -1.4048    -0.175483    2.41584
3.33637    -0.314707    -1.40645    -0.167277    2.45991
3.3458    -0.32797    -1.40803    -0.159093    2.50545
3.35522    -0.341248    -1.40954    -0.150934    2.55246
3.36465    -0.354539    -1.41096    -0.142803    2.60093
3.37407    -0.367844    -1.41231    -0.134703    2.65086
3.3835    -0.38116    -1.41358    -0.126636    2.70225
3.39292    -0.394489    -1.41478    -0.118606    2.75508
3.40234    -0.407828    -1.4159    -0.110616    2.80935
3.41177    -0.421178    -1.41695    -0.102668    2.86505
3.42119    -0.434537    -1.41792    -0.0947643    2.92218
3.43062    -0.447904    -1.41881    -0.0869088    2.98073
3.44004    -0.46128    -1.41964    -0.0791038    3.04068
3.44947    -0.474664    -1.42039    -0.071352    3.10203
3.45889    -0.488054    -1.42106    -0.0636561    3.16476
3.46832    -0.50145    -1.42166    -0.0560188    3.22887
3.47774    -0.514851    -1.4222    -0.0484428    3.29435
3.48717    -0.528257    -1.42266    -0.0409305    3.36118
3.49659    -0.541668    -1.42304    -0.0334846    3.42936
3.50602    -0.555081    -1.42336    -0.0261076    3.49886
3.51544    -0.568497    -1.42361    -0.018802    3.56968
3.52487    -0.581915    -1.42379    -0.0115702    3.6418
3.53429    -0.595335    -1.42391    -0.00441471    3.71522
3.54372    -0.608755    -1.42395    0.0026622    3.78991
3.55314    -0.622176    -1.42393    0.00965817    3.86586
3.56257    -0.635595    -1.42385    0.0165709    3.94305
3.57199    -0.649014    -1.42369    0.0233982    4.02147
3.58142    -0.662431    -1.42348    0.0301378    4.10111
3.59084    -0.675846    -1.4232    0.0367876    4.18195
3.60027    -0.689258    -1.42286    0.0433455    4.26397
3.60969    -0.702666    -1.42245    0.0498095    4.34715
3.61911    -0.71607    -1.42199    0.0561775    4.43148
3.62854    -0.72947    -1.42147    0.0624477    4.51694
3.63796    -0.742864    -1.42088    0.068618    4.60351
3.64739    -0.756252    -1.42024    0.0746867    4.69117
3.65681    -0.769635    -1.41955    0.0806519    4.77991
3.66624    -0.78301    -1.41879    0.086512    4.86971
3.67566    -0.796378    -1.41798    0.0922652    4.96054
3.68509    -0.809738    -1.41712    0.0979099    5.05239
3.69451    -0.82309    -1.4162    0.103445    5.14524
3.70394    -0.836433    -1.41524    0.108868    5.23907
3.71336    -0.849766    -1.41422    0.114178    5.33386
3.72279    -0.86309    -1.41315    0.119373    5.42959
3.73221    -0.876404    -1.41203    0.124453    5.52624
3.74164    -0.889706    -1.41087    0.129415    5.62378
3.75106    -0.902998    -1.40966    0.134259    5.72221
3.76049    -0.916278    -1.4084    0.138984    5.82149
3.76991    -0.929545    -1.4071    0.143588    5.92161
3.77934    -0.942801    -1.40576    0.14807    6.02255
3.78876    -0.956043    -1.40437    0.152429    6.12428
3.79819    -0.969272    -1.40295    0.156665    6.22679
3.80761    -0.982488    -1.40148    0.160775    6.33005
3.81704    -0.99569    -1.39998    0.164761    6.43404
3.82646    -1.00888    -1.39844    0.168619    6.53874
3.83588    -1.02205    -1.39686    0.172351    6.64414
3.84531    -1.03521    -1.39525    0.175955    6.7502
3.85473    -1.04835    -1.3936    0.179431    6.85691
3.86416    -1.06148    -1.39192    0.182777    6.96425
3.87358    -1.07459    -1.39021    0.185994    7.07219
3.88301    -1.08768    -1.38847    0.18908    7.18071
3.89243    -1.10076    -1.3867    0.192037    7.2898
3.90186    -1.11382    -1.38491    0.194862    7.39943
3.91128    -1.12686    -1.38309    0.197556    7.50958
3.92071    -1.13989    -1.38124    0.200118    7.62024
3.93013    -1.1529    -1.37937    0.202549    7.73137
3.93956    -1.16589    -1.37747    0.204848    7.84296
3.94898    -1.17886    -1.37556    0.207014    7.95498
3.95841    -1.19182    -1.37362    0.209049    8.06743
3.96783    -1.20476    -1.37167    0.210951    8.18027
3.97726    -1.21767    -1.3697    0.21272    8.29349
3.98668    -1.23057    -1.36771    0.214358    8.40707
3.99611    -1.24345    -1.36571    0.215863    8.52098
4.00553    -1.25632    -1.36369    0.217236    8.63521
4.01496    -1.26916    -1.36166    0.218477    8.74974
4.02438    -1.28198    -1.35962    0.219587    8.86454
4.0338    -1.29479    -1.35757    0.220565    8.9796
4.04323    -1.30757    -1.35551    0.221411    9.0949
4.05265    -1.32034    -1.35344    0.222127    9.21042
4.06208    -1.33308    -1.35137    0.222712    9.32615
4.0715    -1.34581    -1.34929    0.223167    9.44205
4.08093    -1.35852    -1.34721    0.223491    9.55812
4.09035    -1.37121    -1.34512    0.223687    9.67434
4.09978    -1.38387    -1.34303    0.223753    9.79068
4.1092    -1.39652    -1.34095    0.223691    9.90714
4.11863    -1.40915    -1.33886    0.223501    10.0237
4.12805    -1.42176    -1.33677    0.223184    10.1403
4.13748    -1.43435    -1.33469    0.222739    10.257
4.1469    -1.44692    -1.33262    0.222169    10.3737
4.15633    -1.45947    -1.33054    0.221472    10.4905
4.16575    -1.472    -1.32848    0.220651    10.6072
4.17518    -1.48451    -1.32642    0.219706    10.724
4.1846    -1.497    -1.32438    0.218637    10.8407
4.19403    -1.50947    -1.32234    0.217444    10.9574
4.20345    -1.52192    -1.32031    0.21613    11.074
4.21288    -1.53436    -1.3183    0.214694    11.1905
4.2223    -1.54677    -1.3163    0.213138    11.307
4.23173    -1.55917    -1.31432    0.211462    11.4234
4.24115    -1.57155    -1.31235    0.209666    11.5396
4.25057    -1.58391    -1.3104    0.207753    11.6558
4.26    -1.59625    -1.30846    0.205721    11.7717
4.26942    -1.60857    -1.30655    0.203573    11.8876
4.27885    -1.62088    -1.30466    0.20131    12.0032
4.28827    -1.63316    -1.30279    0.198931    12.1187
4.2977    -1.64543    -1.30094    0.196438    12.234
4.30712    -1.65769    -1.29911    0.193832    12.349
4.31655    -1.66992    -1.29731    0.191113    12.4638
4.32597    -1.68214    -1.29554    0.188283    12.5784
4.3354    -1.69434    -1.29379    0.185343    12.6928
4.34482    -1.70653    -1.29207    0.182292    12.8069
4.35425    -1.7187    -1.29038    0.179133    12.9207
4.36367    -1.73085    -1.28872    0.175866    13.0342
4.3731    -1.74299    -1.28709    0.172492    13.1475
4.38252    -1.75511    -1.28549    0.169011    13.2604
4.39195    -1.76722    -1.28393    0.165426    13.373
4.40137    -1.77931    -1.2824    0.161736    13.4853
4.4108    -1.79139    -1.2809    0.157943    13.5973
4.42022    -1.80346    -1.27944    0.154047    13.7088
4.42965    -1.81551    -1.27802    0.150049    13.8201
4.43907    -1.82755    -1.27663    0.145951    13.9309
4.4485    -1.83957    -1.27529    0.141753    14.0414
4.45792    -1.85159    -1.27398    0.137455    14.1515
4.46734    -1.86359    -1.27271    0.13306    14.2612
4.47677    -1.87558    -1.27149    0.128568    14.3705
4.48619    -1.88756    -1.27031    0.123979    14.4794
4.49562    -1.89952    -1.26917    0.119294    14.5878
4.50504    -1.91148    -1.26807    0.114515    14.6958
4.51447    -1.92342    -1.26702    0.109642    14.8034
4.52389    -1.93536    -1.26602    0.104677    14.9105
4.53332    -1.94729    -1.26506    0.0996188    15.0171
4.54274    -1.95921    -1.26416    0.0944695    15.1233
4.55217    -1.97112    -1.2633    0.0892298    15.229
4.56159    -1.98302    -1.26249    0.0839004    15.3342
4.57102    -1.99492    -1.26172    0.0784821    15.4389
4.58044    -2.0068    -1.26102    0.0729757    15.5432
4.58987    -2.01869    -1.26036    0.067382    15.6469
4.59929    -2.03056    -1.25975    0.0617018    15.75
4.60872    -2.04243    -1.2592    0.0559357    15.8527
4.61814    -2.0543    -1.25871    0.0500846    15.9548
4.62757    -2.06616    -1.25827    0.0441491    16.0564
4.63699    -2.07801    -1.25788    0.03813    16.1574
4.64642    -2.08987    -1.25755    0.0320281    16.2579
4.65584    -2.10172    -1.25728    0.0258439    16.3578
4.66527    -2.11357    -1.25707    0.0195783    16.4572
4.67469    -2.12541    -1.25692    0.0132318    16.556
4.68411    -2.13726    -1.25682    0.00680513    16.6542
4.69354    -2.1491    -1.25679    0.00029894    16.7517
4.70296    -2.16095    -1.25682    -0.00628613    16.8487
4.71239    -2.1728    -1.25691    -0.0129494    16.9451
4.72181    -2.18464    -1.25706    -0.0196904    17.0409
4.73124    -2.19649    -1.25728    -0.0265084    17.1361
4.74066    -2.20834    -1.25756    -0.0334029    17.2306
4.75009    -2.2202    -1.25791    -0.0403732    17.3245
4.75951    -2.23205    -1.25832    -0.0474188    17.4178
4.76894    -2.24391    -1.2588    -0.0545391    17.5104
4.77836    -2.25578    -1.25934    -0.0617337    17.6023
4.78779    -2.26765    -1.25996    -0.0690019    17.6936
4.79721    -2.27953    -1.26064    -0.0763432    17.7843
4.80664    -2.29142    -1.26139    -0.0837572    17.8742
4.81606    -2.30331    -1.26221    -0.0912433    17.9635
4.82549    -2.31521    -1.2631    -0.0988011    18.0521
4.83491    -2.32712    -1.26406    -0.10643    18.14
4.84434    -2.33903    -1.2651    -0.11413    18.2271
4.85376    -2.35096    -1.26621    -0.121899    18.3136
4.86319    -2.3629    -1.26739    -0.129739    18.3994
4.87261    -2.37485    -1.26864    -0.137648    18.4844
4.88203    -2.38682    -1.26997    -0.145626    18.5687
4.89146    -2.39879    -1.27137    -0.153672    18.6522
4.90088    -2.41078    -1.27285    -0.161787    18.735
4.91031    -2.42278    -1.27441    -0.169969    18.817
4.91973    -2.4348    -1.27604    -0.178218    18.8983
4.92916    -2.44684    -1.27775    -0.186534    18.9788
4.93858    -2.45889    -1.27954    -0.194916    19.0585
4.94801    -2.47096    -1.28141    -0.203365    19.1374
4.95743    -2.48304    -1.28336    -0.211879    19.2156
4.96686    -2.49515    -1.28539    -0.220459    19.2929
4.97628    -2.50727    -1.2875    -0.229103    19.3694
4.98571    -2.51942    -1.28969    -0.237812    19.445
4.99513    -2.53158    -1.29196    -0.246585    19.5199
5.00456    -2.54377    -1.29432    -0.255422    19.5938
5.01398    -2.55598    -1.29675    -0.264322    19.667
5.02341    -2.56821    -1.29928    -0.273285    19.7392
5.03283    -2.58047    -1.30188    -0.282311    19.8106
5.04226    -2.59275    -1.30458    -0.291399    19.8811
5.05168    -2.60506    -1.30735    -0.30055    19.9507
5.06111    -2.6174    -1.31022    -0.309761    20.0194
5.07053    -2.62976    -1.31317    -0.319034    20.0872
5.07996    -2.64215    -1.31621    -0.328367    20.1541
5.08938    -2.65457    -1.31933    -0.337761    20.22
5.0988    -2.66702    -1.32255    -0.347215    20.285
5.10823    -2.6795    -1.32585    -0.356728    20.349
5.11765    -2.69201    -1.32924    -0.366301    20.4121
5.12708    -2.70456    -1.33272    -0.375932    20.4741
5.1365    -2.71713    -1.3363    -0.385621    20.5352
5.14593    -2.72974    -1.33996    -0.395368    20.5952
5.15535    -2.74239    -1.34372    -0.405172    20.6542
5.16478    -2.75507    -1.34757    -0.415032    20.7122
5.1742    -2.76779    -1.35151    -0.42495    20.7692
5.18363    -2.78055    -1.35555    -0.434922    20.825
5.19305    -2.79334    -1.35968    -0.44495    20.8798
5.20248    -2.80618    -1.3639    -0.455033    20.9336
5.2119    -2.81905    -1.36822    -0.46517    20.9862
5.22133    -2.83197    -1.37263    -0.475359    21.0376
5.23075    -2.84493    -1.37714    -0.485602    21.088
5.24018    -2.85793    -1.38175    -0.495897    21.1372
5.2496    -2.87097    -1.38645    -0.506243    21.1852
5.25903    -2.88406    -1.39126    -0.51664    21.2321
5.26845    -2.8972    -1.39615    -0.527087    21.2777
5.27788    -2.91038    -1.40115    -0.537582    21.3222
5.2873    -2.92361    -1.40625    -0.548127    21.3654
5.29673    -2.93689    -1.41144    -0.558718    21.4074
5.30615    -2.95021    -1.41674    -0.569356    21.448
5.31557    -2.96359    -1.42214    -0.58004    21.4875
5.325    -2.97702    -1.42763    -0.590768    21.5256
5.33442    -2.9905    -1.43323    -0.60154    21.5624
5.34385    -3.00404    -1.43893    -0.612354    21.5978
5.35327    -3.01763    -1.44473    -0.62321    21.632
5.3627    -3.03127    -1.45063    -0.634105    21.6647
5.37212    -3.04497    -1.45663    -0.64504    21.696
5.38155    -3.05873    -1.46274    -0.656013    21.726
5.39097    -3.07254    -1.46895    -0.667022    21.7544
5.4004    -3.08642    -1.47527    -0.678066    21.7815
5.40982    -3.10035    -1.48169    -0.689143    21.8071
5.41925    -3.11435    -1.48821    -0.700252    21.8311
5.42867    -3.1284    -1.49484    -0.711392    21.8537
5.4381    -3.14252    -1.50157    -0.722561    21.8747
5.44752    -3.15671    -1.50841    -0.733756    21.8942
5.45695    -3.17096    -1.51535    -0.744977    21.9121
5.46637    -3.18527    -1.5224    -0.756221    21.9283
5.4758    -3.19965    -1.52955    -0.767487    21.943
5.48522    -3.2141    -1.53682    -0.778772    21.956
5.49465    -3.22862    -1.54418    -0.790074    21.9674
5.50407    -3.24321    -1.55165    -0.801392    21.977
5.5135    -3.25787    -1.55923    -0.812722    21.985
5.52292    -3.2726    -1.56692    -0.824063    21.9912
5.53234    -3.28741    -1.57471    -0.835412    21.9956
5.54177    -3.30229    -1.58261    -0.846766    21.9983
5.55119    -3.31724    -1.59062    -0.858123    21.9991
5.56062    -3.33227    -1.59873    -0.869481    21.9981
5.57004    -3.34737    -1.60695    -0.880835    21.9953
5.57947    -3.36256    -1.61527    -0.892184    21.9906
5.58889    -3.37782    -1.62371    -0.903523    21.984
5.59832    -3.39316    -1.63225    -0.914851    21.9754
5.60774    -3.40859    -1.64089    -0.926164    21.9649
5.61717    -3.4241    -1.64964    -0.937457    21.9525
5.62659    -3.43968    -1.6585    -0.948729    21.938
5.63602    -3.45536    -1.66747    -0.959974    21.9215
5.64544    -3.47112    -1.67654    -0.97119    21.903
5.65487    -3.48696    -1.68571    -0.982372    21.8823
5.66429    -3.50289    -1.69499    -0.993517    21.8596
5.67372    -3.51891    -1.70437    -1.00462    21.8348
5.68314    -3.53502    -1.71386    -1.01568    21.8079
5.69257    -3.55122    -1.72345    -1.02668    21.7787
5.70199    -3.5675    -1.73315    -1.03763    21.7474
5.71142    -3.58389    -1.74295    -1.04852    21.7139
5.72084    -3.60036    -1.75285    -1.05935    21.6781
5.73027    -3.61693    -1.76285    -1.07011    21.6401
5.73969    -3.63359    -1.77295    -1.08079    21.5998
5.74911    -3.65035    -1.78315    -1.09139    21.5572
5.75854    -3.6672    -1.79345    -1.10191    21.5123
5.76796    -3.68415    -1.80385    -1.11233    21.4651
5.77739    -3.7012    -1.81435    -1.12266    21.4155
5.78681    -3.71835    -1.82495    -1.13289    21.3635
5.79624    -3.7356    -1.83564    -1.14301    21.3091
5.80566    -3.75295    -1.84642    -1.15301    21.2524
5.81509    -3.77041    -1.8573    -1.16289    21.1932
5.82451    -3.78796    -1.86827    -1.17264    21.1315
5.83394    -3.80562    -1.87933    -1.18226    21.0674
5.84336    -3.82339    -1.89048    -1.19174    21.0008
5.85279    -3.84126    -1.90172    -1.20106    20.9318
5.86221    -3.85923    -1.91305    -1.21024    20.8602
5.87164    -3.87732    -1.92446    -1.21925    20.7861
5.88106    -3.89551    -1.93595    -1.22808    20.7095
5.89049    -3.91381    -1.94753    -1.23675    20.6304
5.89991    -3.93222    -1.95919    -1.24522    20.5488
5.90934    -3.95074    -1.97093    -1.2535    20.4646
5.91876    -3.96937    -1.98274    -1.26158    20.3778
5.92819    -3.98811    -1.99463    -1.26945    20.2886
5.93761    -4.00697    -2.00659    -1.2771    20.1967
5.94703    -4.02594    -2.01862    -1.28453    20.1024
5.95646    -4.04502    -2.03072    -1.29172    20.0055
5.96588    -4.06422    -2.04289    -1.29866    19.906
5.97531    -4.08353    -2.05512    -1.30535    19.804
5.98473    -4.10295    -2.06742    -1.31178    19.6995
5.99416    -4.1225    -2.07977    -1.31794    19.5924
6.00358    -4.14216    -2.09218    -1.32382    19.4829
6.01301    -4.16193    -2.10464    -1.32941    19.3709
6.02243    -4.18183    -2.11715    -1.33469    19.2564
6.03186    -4.20184    -2.12971    -1.33967    19.1394
6.04128    -4.22197    -2.14232    -1.34433    19.02
6.05071    -4.24222    -2.15497    -1.34867    18.8982
6.06013    -4.26259    -2.16766    -1.35266    18.7739
6.06956    -4.28308    -2.18038    -1.35631    18.6474
6.07898    -4.30369    -2.19314    -1.3596    18.5185
6.08841    -4.32442    -2.20593    -1.36252    18.3873
6.09783    -4.34527    -2.21874    -1.36507    18.2538
6.10726    -4.36625    -2.23157    -1.36722    18.1182
6.11668    -4.38734    -2.24442    -1.36898    17.9803
6.12611    -4.40855    -2.25729    -1.37034    17.8403
6.13553    -4.42989    -2.27016    -1.37127    17.6983
6.14496    -4.45134    -2.28305    -1.37178    17.5542
6.15438    -4.47292    -2.29593    -1.37186    17.4081
6.1638    -4.49462    -2.30882    -1.37148    17.2601
6.17323    -4.51644    -2.3217    -1.37065    17.1102
6.18265    -4.53838    -2.33456    -1.36936    16.9586
6.19208    -4.56045    -2.34742    -1.36759    16.8052
6.2015    -4.58263    -2.36025    -1.36534    16.6501
6.21093    -4.60494    -2.37306    -1.36259    16.4935
6.22035    -4.62736    -2.38584    -1.35934    16.3354
6.22978    -4.64991    -2.39859    -1.35558    16.1758
6.2392    -4.67257    -2.4113    -1.3513    16.0149
6.24863    -4.69536    -2.42397    -1.34649    15.8527
6.25805    -4.71827    -2.43659    -1.34115    15.6893
6.26748    -4.74129    -2.44916    -1.33526    15.5249
6.2769    -4.76443    -2.46167    -1.32882    15.3595
6.28633    -4.78769    -2.47411    -1.32183    15.1932
6.29575    -4.81107    -2.48649    -1.31427    15.0262
6.30518    -4.83456    -2.49879    -1.30613    14.8584
6.3146    -4.85817    -2.51101    -1.29742    14.6902
6.32403    -4.88189    -2.52315    -1.28813    14.5214
6.33345    -4.90573    -2.5352    -1.27824    14.3524
6.34288    -4.92968    -2.54715    -1.26776    14.1831
6.3523    -4.95374    -2.559    -1.25669    14.0137
6.36173    -4.97791    -2.57074    -1.24501    13.8444
6.37115    -5.0022    -2.58237    -1.23273    13.6753
6.38057    -5.02659    -2.59388    -1.21983    13.5064
6.39    -5.05109    -2.60527    -1.20633    13.3379
6.39942    -5.0757    -2.61652    -1.19221    13.17
6.40885    -5.10041    -2.62764    -1.17748    13.0028
6.41827    -5.12523    -2.63862    -1.16213    12.8364
6.4277    -5.15015    -2.64945    -1.14617    12.671
6.43712    -5.17517    -2.66012    -1.12959    12.5067
6.44655    -5.20029    -2.67064    -1.1124    12.3437
6.45597    -5.22551    -2.68099    -1.0946    12.182
6.4654    -5.25082    -2.69117    -1.07619    12.0219
6.47482    -5.27623    -2.70118    -1.05717    11.8635
6.48425    -5.30174    -2.711    -1.03755    11.7069
6.49367    -5.32733    -2.72063    -1.01734    11.5523
6.5031    -5.35302    -2.73008    -0.996527    11.3999
6.51252    -5.37879    -2.73932    -0.975131    11.2497
6.52195    -5.40465    -2.74835    -0.953155    11.1019
6.53137    -5.4306    -2.75718    -0.930607    10.9567
6.5408    -5.45663    -2.76579    -0.907494    10.8142
6.55022    -5.48273    -2.77419    -0.883827    10.6746
6.55965    -5.50892    -2.78235    -0.859613    10.538
6.56907    -5.53518    -2.79029    -0.834865    10.4045
6.5785    -5.56151    -2.79799    -0.809592    10.2743
6.58792    -5.58792    -2.80544    -0.783807    10.1476
6.59734    -5.61439    -2.81266    -0.757522    10.0244
6.60677    -5.64093    -2.81962    -0.73075    9.90491
6.61619    -5.66754    -2.82633    -0.703506    9.78924
6.62562    -5.69421    -2.83278    -0.675804    9.67753
6.63504    -5.72094    -2.83896    -0.64766    9.56989
6.64447    -5.74772    -2.84488    -0.619089    9.46645
6.65389    -5.77456    -2.85053    -0.590107    9.36732
6.66332    -5.80145    -2.8559    -0.560734    9.27263
6.67274    -5.82839    -2.861    -0.530985    9.18247
6.68217    -5.85538    -2.86581    -0.50088    9.09695
6.69159    -5.88241    -2.87033    -0.470437    9.01617
6.70102    -5.90948    -2.87457    -0.439676    8.94022
6.71044    -5.93659    -2.87852    -0.408618    8.8692
6.71987    -5.96374    -2.88217    -0.377282    8.80318
6.72929    -5.99092    -2.88552    -0.34569    8.74225
6.73872    -6.01813    -2.88858    -0.313863    8.68647
6.74814    -6.04537    -2.89133    -0.281822    8.63592
6.75757    -6.07263    -2.89379    -0.249591    8.59066
6.76699    -6.09991    -2.89593    -0.21719    8.55073
6.77642    -6.12722    -2.89778    -0.184644    8.51618
6.78584    -6.15453    -2.89931    -0.151975    8.48707
6.79526    -6.18187    -2.90054    -0.119205    8.46341
6.80469    -6.20921    -2.90145    -0.0863595    8.44525
6.81411    -6.23656    -2.90206    -0.0534605    8.4326
6.82354    -6.26391    -2.90235    -0.0205318    8.42548
6.83296    -6.29126    -2.90234    0.0124028    8.42389
6.84239    -6.31861    -2.90201    0.0453199    8.42785
6.85181    -6.34596    -2.90138    0.0781957    8.43733
6.86124    -6.3733    -2.90044    0.111007    8.45233
6.87066    -6.40063    -2.89918    0.14373    8.47284
6.88009    -6.42795    -2.89762    0.176342    8.49882
6.88951    -6.45525    -2.89575    0.208819    8.53025
6.89894    -6.48253    -2.89358    0.241139    8.56708
6.90836    -6.50979    -2.8911    0.273279    8.60927
6.91779    -6.53703    -2.88832    0.305217    8.65678
6.92721    -6.56424    -2.88524    0.33693    8.70953
6.93664    -6.59141    -2.88187    0.368398    8.76747
6.94606    -6.61856    -2.87819    0.399599    8.83054
6.95549    -6.64567    -2.87423    0.430511    8.89864
6.96491    -6.67273    -2.86997    0.461116    8.97171
6.97434    -6.69976    -2.86543    0.491392    9.04966
6.98376    -6.72675    -2.86061    0.521321    9.13238
6.99319    -6.75368    -2.8555    0.550884    9.2198
7.00261    -6.78057    -2.85012    0.580063    9.31181
7.01203    -6.8074    -2.84446    0.608839    9.40829
7.02146    -6.83419    -2.83854    0.637197    9.50915
7.03088    -6.86091    -2.83234    0.665119    9.61426
7.04031    -6.88757    -2.82589    0.692589    9.72351
7.04973    -6.91418    -2.81918    0.719594    9.83678
7.05916    -6.94071    -2.81222    0.746118    9.95393
7.06858    -6.96718    -2.80502    0.772148    10.0748
7.07801    -6.99359    -2.79756    0.79767    10.1994
7.08743    -7.01992    -2.78987    0.822673    10.3274
7.09686    -7.04617    -2.78195    0.847145    10.4588
7.10628    -7.07235    -2.7738    0.871075    10.5935
7.11571    -7.09846    -2.76543    0.894453    10.7312
7.12513    -7.12448    -2.75684    0.91727    10.8718
7.13456    -7.15042    -2.74803    0.939517    11.0152
7.14398    -7.17628    -2.73902    0.961186    11.1613
7.15341    -7.20205    -2.72981    0.98227    11.3099
7.16283    -7.22773    -2.7204    1.00276    11.4609
7.17226    -7.25333    -2.7108    1.02266    11.614
7.18168    -7.27883    -2.70102    1.04196    11.7693
7.19111    -7.30424    -2.69106    1.06064    11.9264
7.20053    -7.32956    -2.68092    1.07872    12.0853
7.20996    -7.35477    -2.67062    1.09619    12.2459
7.21938    -7.37989    -2.66016    1.11304    12.4079
7.2288    -7.40492    -2.64954    1.12928    12.5713
7.23823    -7.42984    -2.63877    1.1449    12.7359
7.24765    -7.45466    -2.62785    1.1599    12.9015
7.25708    -7.47937    -2.6168    1.17429    13.0681
7.2665    -7.50398    -2.60561    1.18806    13.2354
7.27593    -7.52848    -2.5943    1.20122    13.4034
7.28535    -7.55288    -2.58287    1.21376    13.5718
7.29478    -7.57717    -2.57132    1.2257    13.7407
7.3042    -7.60135    -2.55966    1.23703    13.9098
7.31363    -7.62542    -2.5479    1.24776    14.0791
7.32305    -7.64938    -2.53604    1.25789    14.2483
7.33248    -7.67322    -2.52408    1.26743    14.4174
7.3419    -7.69695    -2.51204    1.27638    14.5862
7.35133    -7.72057    -2.49992    1.28475    14.7547
7.36075    -7.74408    -2.48772    1.29255    14.9228
7.37018    -7.76746    -2.47546    1.29977    15.0902
7.3796    -7.79074    -2.46312    1.30643    15.2569
7.38903    -7.81389    -2.45073    1.31254    15.4229
7.39845    -7.83693    -2.43828    1.3181    15.5879
7.40788    -7.85985    -2.42578    1.32312    15.752
7.4173    -7.88266    -2.41324    1.3276    15.915
7.42673    -7.90534    -2.40065    1.33156    16.0768
7.43615    -7.92791    -2.38804    1.33501    16.2373
7.44557    -7.95035    -2.37539    1.33795    16.3964
7.455    -7.97268    -2.36271    1.34039    16.5541
7.46442    -7.99489    -2.35002    1.34235    16.7103
7.47385    -8.01698    -2.33731    1.34382    16.865
7.48327    -8.03895    -2.32459    1.34483    17.0179
7.4927    -8.0608    -2.31186    1.34537    17.1691
7.50212    -8.08253    -2.29913    1.34547    17.3185
7.51155    -8.10413    -2.2864    1.34513    17.4661
7.52097    -8.12562    -2.27367    1.34435    17.6117
7.5304    -8.14699    -2.26096    1.34316    17.7554
7.53982    -8.16824    -2.24825    1.34155    17.897
7.54925    -8.18937    -2.23557    1.33955    18.0366
7.55867    -8.21038    -2.2229    1.33715    18.174
7.5681    -8.23127    -2.21026    1.33438    18.3093
7.57752    -8.25204    -2.19765    1.33123    18.4423
7.58695    -8.2727    -2.18507    1.32773    18.5731
7.59637    -8.29323    -2.17253    1.32388    18.7017
7.6058    -8.31365    -2.16002    1.31968    18.8279
7.61522    -8.33395    -2.14755    1.31516    18.9517
7.62465    -8.35413    -2.13513    1.31032    19.0732
7.63407    -8.37419    -2.12275    1.30516    19.1923
7.64349    -8.39414    -2.11043    1.29971    19.3089
7.65292    -8.41397    -2.09816    1.29397    19.4231
7.66234    -8.43369    -2.08594    1.28794    19.5349
7.67177    -8.45329    -2.07378    1.28165    19.6441
7.68119    -8.47278    -2.06169    1.27509    19.7509
7.69062    -8.49215    -2.04965    1.26828    19.8552
7.70004    -8.51142    -2.03768    1.26123    19.9569
7.70947    -8.53056    -2.02578    1.25394    20.0561
7.71889    -8.5496    -2.01395    1.24643    20.1528
7.72832    -8.56853    -2.00219    1.2387    20.247
7.73774    -8.58734    -1.99051    1.23077    20.3386
7.74717    -8.60605    -1.9789    1.22263    20.4277
7.75659    -8.62464    -1.96736    1.2143    20.5143
7.76602    -8.64313    -1.95591    1.20579    20.5983
7.77544    -8.66151    -1.94454    1.1971    20.6798
7.78487    -8.67979    -1.93325    1.18825    20.7587
7.79429    -8.69795    -1.92205    1.17924    20.8352
7.80372    -8.71602    -1.91093    1.17007    20.9091
7.81314    -8.73397    -1.8999    1.16077    20.9805
7.82257    -8.75183    -1.88896    1.15132    21.0494
7.83199    -8.76958    -1.87811    1.14175    21.1159
7.84142    -8.78723    -1.86734    1.13205    21.1799
7.85084    -8.80478    -1.85667    1.12223    21.2414
7.86026    -8.82223    -1.8461    1.11231    21.3005
7.86969    -8.83958    -1.83562    1.10228    21.3571
7.87911    -8.85683    -1.82523    1.09216    21.4113
7.88854    -8.87398    -1.81494    1.08195    21.4632
7.89796    -8.89104    -1.80474    1.07165    21.5126
7.90739    -8.908    -1.79465    1.06127    21.5597
7.91681    -8.92487    -1.78465    1.05082    21.6045
7.92624    -8.94164    -1.77475    1.04031    21.6469
7.93566    -8.95832    -1.76495    1.02973    21.687
7.94509    -8.97491    -1.75525    1.01909    21.7249
7.95451    -8.99141    -1.74565    1.0084    21.7604
7.96394    -9.00782    -1.73616    0.997668    21.7937
7.97336    -9.02413    -1.72676    0.986892    21.8248
7.98279    -9.04036    -1.71747    0.976078    21.8537
7.99221    -9.05651    -1.70827    0.965231    21.8805
8.00164    -9.07256    -1.69919    0.954357    21.905
8.01106    -9.08854    -1.6902    0.943458    21.9274
8.02049    -9.10442    -1.68132    0.932539    21.9477
8.02991    -9.12023    -1.67254    0.921604    21.9659
8.03934    -9.13595    -1.66386    0.910657    21.9821
8.04876    -9.15159    -1.65529    0.899702    21.9962
8.05819    -9.16715    -1.64682    0.888742    22.0083
8.06761    -9.18263    -1.63845    0.87778    22.0183
8.07703    -9.19804    -1.63019    0.866821    22.0264
8.08646    -9.21336    -1.62203    0.855867    22.0326
8.09588    -9.22861    -1.61397    0.844922    22.0368
8.10531    -9.24379    -1.60602    0.833988    22.0391
8.11473    -9.25889    -1.59817    0.823068    22.0395
8.12416    -9.27391    -1.59042    0.812167    22.038
8.13358    -9.28886    -1.58278    0.801285    22.0347
8.14301    -9.30375    -1.57524    0.790426    22.0296
8.15243    -9.31856    -1.5678    0.779592    22.0227
8.16186    -9.3333    -1.56046    0.768785    22.014
8.17128    -9.34797    -1.55323    0.758009    22.0036
8.18071    -9.36258    -1.5461    0.747265    21.9914
8.19013    -9.37712    -1.53906    0.736556    21.9776
8.19956    -9.39159    -1.53213    0.725883    21.962
8.20898    -9.406    -1.5253    0.715249    21.9448
8.21841    -9.42034    -1.51857    0.704655    21.926
8.22783    -9.43462    -1.51194    0.694104    21.9055
8.23726    -9.44884    -1.50541    0.683597    21.8834
8.24668    -9.463    -1.49898    0.673136    21.8598
8.25611    -9.47709    -1.49265    0.662722    21.8346
8.26553    -9.49113    -1.48642    0.652357    21.8078
8.27496    -9.50511    -1.48028    0.642043    21.7796
8.28438    -9.51904    -1.47424    0.631781    21.7498
8.2938    -9.5329    -1.4683    0.621573    21.7186
8.30323    -9.54671    -1.46245    0.611419    21.6859
8.31265    -9.56047    -1.4567    0.601322    21.6518
8.32208    -9.57417    -1.45104    0.591281    21.6163
8.3315    -9.58782    -1.44548    0.581299    21.5793
8.34093    -9.60142    -1.44002    0.571377    21.541
8.35035    -9.61497    -1.43464    0.561516    21.5013
8.35978    -9.62846    -1.42936    0.551716    21.4603
8.3692    -9.64191    -1.42417    0.541979    21.4179
8.37863    -9.65531    -1.41908    0.532305    21.3743
8.38805    -9.66866    -1.41407    0.522696    21.3293
8.39748    -9.68196    -1.40916    0.513153    21.2831
8.4069    -9.69522    -1.40433    0.503675    21.2356
8.41633    -9.70843    -1.3996    0.494265    21.1869
8.42575    -9.7216    -1.39495    0.484923    21.1369
8.43518    -9.73473    -1.39039    0.475649    21.0857
8.4446    -9.74781    -1.38592    0.466444    21.0334
8.45403    -9.76085    -1.38153    0.457309    20.9798
8.46345    -9.77385    -1.37723    0.448244    20.9251
8.47288    -9.78681    -1.37302    0.439251    20.8693
8.4823    -9.79973    -1.36889    0.430329    20.8123
8.49172    -9.81262    -1.36485    0.42148    20.7542
8.50115    -9.82546    -1.36088    0.412703    20.695
8.51057    -9.83827    -1.357    0.404    20.6347
8.52    -9.85104    -1.35321    0.39537    20.5734
8.52942    -9.86378    -1.34949    0.386815    20.5109
8.53885    -9.87648    -1.34586    0.378335    20.4475
8.54827    -9.88914    -1.3423    0.369929    20.3829
8.5577    -9.90178    -1.33882    0.3616    20.3174
8.56712    -9.91438    -1.33543    0.353346    20.2509
8.57655    -9.92695    -1.33211    0.345169    20.1834
8.58597    -9.93949    -1.32886    0.337069    20.1148
8.5954    -9.952    -1.3257    0.329045    20.0454
8.60482    -9.96448    -1.32261    0.3211    19.9749
8.61425    -9.97693    -1.31959    0.313232    19.9035
8.62367    -9.98935    -1.31665    0.305443    19.8312
8.6331    -10.0017    -1.31378    0.297732    19.758
8.64252    -10.0141    -1.31098    0.2901    19.6838
8.65195    -10.0265    -1.30826    0.282548    19.6087
8.66137    -10.0388    -1.3056    0.275075    19.5328
8.6708    -10.0511    -1.30302    0.267682    19.456
8.68022    -10.0633    -1.3005    0.260369    19.3783
8.68965    -10.0756    -1.29806    0.253136    19.2997
8.69907    -10.0878    -1.29568    0.245985    19.2204
8.70849    -10.1    -1.29337    0.238914    19.1401
8.71792    -10.1122    -1.29113    0.231925    19.0591
8.72734    -10.1243    -1.28895    0.225018    18.9772
8.73677    -10.1365    -1.28684    0.218193    18.8946
8.74619    -10.1486    -1.28479    0.211449    18.8111
8.75562    -10.1607    -1.28281    0.204789    18.7269
8.76504    -10.1728    -1.28089    0.198211    18.6419
8.77447    -10.1848    -1.27903    0.191716    18.5561
8.78389    -10.1969    -1.27723    0.185305    18.4696
8.79332    -10.2089    -1.27549    0.178978    18.3823
8.80274    -10.2209    -1.27381    0.172734    18.2943
8.81217    -10.2329    -1.27219    0.166575    18.2056
8.82159    -10.2449    -1.27063    0.160501    18.1161
8.83102    -10.2569    -1.26912    0.154511    18.026
8.84044    -10.2688    -1.26768    0.148606    17.9351
8.84987    -10.2808    -1.26628    0.142787    17.8436
8.85929    -10.2927    -1.26495    0.137054    17.7513
8.86872    -10.3046    -1.26366    0.131407    17.6585
8.87814    -10.3165    -1.26243    0.125846    17.5649
8.88757    -10.3284    -1.26125    0.120372    17.4707
8.89699    -10.3403    -1.26012    0.114985    17.3759
8.90642    -10.3522    -1.25905    0.109686    17.2804
8.91584    -10.364    -1.25802    0.104474    17.1843
8.92526    -10.3759    -1.25704    0.0993497    17.0876
8.93469    -10.3877    -1.25611    0.0943141    16.9903
8.94411    -10.3996    -1.25523    0.089367    16.8924
8.95354    -10.4114    -1.25439    0.0845089    16.7939
8.96296    -10.4232    -1.2536    0.0797402    16.6948
8.97239    -10.435    -1.25286    0.0750611    16.5952
8.98181    -10.4468    -1.25216    0.0704719    16.495
8.99124    -10.4586    -1.2515    0.0659731    16.3943
9.00066    -10.4704    -1.25088    0.061565    16.293
9.01009    -10.4822    -1.25031    0.0572479    16.1912
9.01951    -10.494    -1.24978    0.0530221    16.0888
9.02894    -10.5058    -1.24928    0.0488881    15.986
9.03836    -10.5175    -1.24883    0.0448462    15.8826
9.04779    -10.5293    -1.24841    0.0408967    15.7787
9.05721    -10.5411    -1.24803    0.03704    15.6744
9.06664    -10.5528    -1.24768    0.0332764    15.5696
9.07606    -10.5646    -1.24738    0.0296064    15.4643
9.08549    -10.5763    -1.2471    0.0260302    15.3586
9.09491    -10.5881    -1.24686    0.0225482    15.2524
9.10434    -10.5998    -1.24665    0.0191608    15.1458
9.11376    -10.6116    -1.24648    0.0158684    15.0387
9.12319    -10.6233    -1.24633    0.0126712    14.9313
9.13261    -10.6351    -1.24622    0.00956976    14.8234
9.14203    -10.6468    -1.24613    0.0065643    14.7151
9.15146    -10.6586    -1.24607    0.00365521    14.6065
9.16088    -10.6703    -1.24604    0.000842834    14.4975
9.17031    -10.6821    -1.24604    -0.00187247    14.3881
9.17973    -10.6938    -1.24606    -0.00449035    14.2783
9.18916    -10.7055    -1.24611    -0.00701047    14.1683
9.19858    -10.7173    -1.24618    -0.00943249    14.0578
9.20801    -10.729    -1.24627    -0.0117561    13.9471
9.21743    -10.7408    -1.24638    -0.0139809    13.836
9.22686    -10.7525    -1.24652    -0.0161066    13.7247
9.23628    -10.7643    -1.24667    -0.018133    13.613
9.24571    -10.776    -1.24685    -0.0200596    13.5011
9.25513    -10.7878    -1.24704    -0.0218862    13.3889
9.26456    -10.7995    -1.24725    -0.0236124    13.2765
9.27398    -10.8113    -1.24747    -0.0252381    13.1638
9.28341    -10.823    -1.24771    -0.0267629    13.0509
9.29283    -10.8348    -1.24797    -0.0281864    12.9377
9.30226    -10.8466    -1.24823    -0.0295086    12.8244
9.31168    -10.8583    -1.24851    -0.0307291    12.7109
9.32111    -10.8701    -1.2488    -0.0318476    12.5971
9.33053    -10.8819    -1.24911    -0.032864    12.4832
9.33995    -10.8937    -1.24942    -0.033778    12.3692
9.34938    -10.9054    -1.24974    -0.0345894    12.255
9.3588    -10.9172    -1.25006    -0.0352981    12.1407
9.36823    -10.929    -1.2504    -0.0359037    12.0262
9.37765    -10.9408    -1.25074    -0.0364063    11.9116
9.38708    -10.9526    -1.25108    -0.0368055    11.797
9.3965    -10.9644    -1.25143    -0.0371013    11.6822
9.40593    -10.9762    -1.25178    -0.0372936    11.5674
9.41535    -10.988    -1.25213    -0.0373822    11.4526
