
1    0.224603
2    0.223123
3    0.221988
4    0.221337
5    0.221062
6    0.220381
7    0.22075
8    0.220482
9    0.220415
10    0.220203
11    0.220512
12    0.220602
13    0.221094
14    0.221125
15    0.221005
16    0.22056
17    0.220011
18    0.220391
19    0.220481
20    0.220262
21    0.220279
22    0.220609
23    0.220457
24    0.220672
25    0.221061
26    0.220593
27    0.219839
28    0.219769
29    0.219359
30    0.219481
31    0.219315
32    0.219674
33    0.219651
34    0.219735
35    0.219723
36    0.219706
37    0.219956
38    0.219834
39    0.220114
40    0.219981
41    0.219752
42    0.219654
43    0.219699
44    0.219322
45    0.218834
46    0.21897
47    0.219251
48    0.219257
49    0.219407
50    0.219322
51    0.219102
52    0.219147
53    0.21927
54    0.219166
55    0.219276
56    0.219335
57    0.219438
58    0.21947
59    0.219528
60    0.219311
61    0.219158
62    0.218943
63    0.218892
64    0.218952
65    0.21888
66    0.218552
67    0.218493
68    0.218393
69    0.218397
70    0.218219
71    0.218146
72    0.218215
73    0.218078
74    0.218144
75    0.218041
76    0.218052
77    0.217819
78    0.217796
79    0.217862
80    0.217613
81    0.2177
82    0.217907
83    0.218
84    0.217808
85    0.217943
86    0.218006
87    0.218043
88    0.217943
89    0.217841
90    0.217722
91    0.217759
92    0.217703
93    0.217726
94    0.217724
95    0.217673
96    0.21778
97    0.217734
98    0.217574
99    0.217673
100    0.217419
101    0.217282
102    0.217245
103    0.217254
104    0.217406
105    0.217034
106    0.217088
107    0.217064
108    0.216942
109    0.216842
110    0.216758
111    0.216869
112    0.216868
113    0.216906
114    0.216998
115    0.216986
116    0.216973
117    0.216979
118    0.216915
119    0.216877
120    0.216952
121    0.216807
122    0.216899
123    0.216793
124    0.216733
125    0.216779
126    0.217008
127    0.216941
128    0.217087
129    0.217155
130    0.217111
131    0.217071
132    0.217015
133    0.217033
134    0.217135
135    0.217227
136    0.217073
137    0.217084
138    0.217054
139    0.217018
140    0.2171
141    0.217155
142    0.217081
143    0.216989
144    0.217194
145    0.217139
146    0.217165
147    0.217236
148    0.217326
149    0.21732
150    0.217301
151    0.21727
152    0.217252
153    0.217325
154    0.217377
155    0.217329
156    0.217307
157    0.217204
158    0.21724
159    0.217239
160    0.217275
161    0.217332
162    0.217267
163    0.217211
164    0.217204
165    0.217177
166    0.217247
167    0.217176
168    0.217247
169    0.217199
170    0.217251
171    0.217228
172    0.217281
173    0.217255
174    0.217135
175    0.217182
176    0.217275
177    0.217194
178    0.21707
179    0.217141
180    0.216888
181    0.216877
182    0.216894
183    0.216965
184    0.216881
185    0.216885
186    0.216714
187    0.216644
188    0.216612
189    0.216482
190    0.216639
191    0.216497
192    0.216555
193    0.216594
194    0.216702
195    0.216884
196    0.216779
197    0.216681
198    0.216825
199    0.216791
200    0.216747
201    0.216793
202    0.216867
203    0.216825
204    0.216784
205    0.216751
206    0.216685
207    0.21671
208    0.216643
209    0.216635
210    0.216783
211    0.216677
212    0.216552
213    0.216455
214    0.216512
215    0.216551
216    0.216651
217    0.216538
218    0.216573
219    0.21654
220    0.216507
221    0.21642
222    0.216359
223    0.216339
224    0.216234
225    0.216208
226    0.216054
227    0.21602
228    0.216097
229    0.216039
230    0.215862
231    0.215756
232    0.215616
233    0.215596
234    0.21564
235    0.215723
236    0.215671
237    0.215425
238    0.215375
239    0.215463
240    0.215496
241    0.215483
242    0.215427
243    0.215422
244    0.215399
245    0.215301
246    0.215299
247    0.215298
248    0.215352
249    0.21527
250    0.215218
251    0.215274
252    0.215203
253    0.215203
254    0.215175
255    0.215084
256    0.215031
257    0.215139
258    0.215219
259    0.215248
260    0.215165
261    0.215144
262    0.21517
263    0.215166
264    0.215198
265    0.215223
266    0.215193
267    0.215312
268    0.215376
269    0.215298
270    0.215454
271    0.215425
272    0.215435
273    0.215475
274    0.215594
275    0.215589
276    0.215634
277    0.215683
278    0.215635
279    0.21566
280    0.215552
281    0.215533
282    0.215485
283    0.215476
284    0.215403
285    0.215501
286    0.215474
287    0.215428
288    0.215352
289    0.215446
290    0.215355
291    0.215372
292    0.2154
293    0.215391
294    0.215296
295    0.215385
296    0.215317
297    0.215246
298    0.215315
299    0.215402
300    0.215446
301    0.215427
302    0.215451
303    0.215369
304    0.215433
305    0.215371
306    0.215381
307    0.215278
308    0.215298
309    0.215396
310    0.215496
311    0.215469
312    0.215351
313    0.215309
314    0.215283
315    0.215305
316    0.215316
317    0.215486
318    0.215443
319    0.215416
320    0.215528
321    0.215502
322    0.215512
323    0.215553
324    0.215546
325    0.215523
326    0.215579
327    0.215619
328    0.215546
329    0.215594
330    0.215587
331    0.21546
332    0.21541
333    0.215425
334    0.215421
335    0.215571
336    0.21549
337    0.215445
338    0.215402
339    0.215376
340    0.215494
341    0.215555
342    0.215505
343    0.215468
344    0.215459
345    0.215413
346    0.215327
347    0.215335
348    0.215298
349    0.215316
350    0.215362
351    0.215279
352    0.215296
353    0.215245
354    0.215205
355    0.215363
356    0.215327
357    0.215225
358    0.215182
359    0.215148
360    0.215175
361    0.215144
362    0.215179
363    0.215255
364    0.215215
365    0.215172
366    0.215242
367    0.215254
368    0.215237
369    0.215258
370    0.215197
371    0.215267
372    0.215278
373    0.215244
374    0.2153
375    0.215308
376    0.215354
377    0.215334
378    0.215298
379    0.215157
380    0.21527
381    0.215299
382    0.215252
383    0.215185
384    0.215151
385    0.215172
386    0.215218
387    0.215333
388    0.215226
389    0.215174
390    0.215153
391    0.215106
392    0.215057
393    0.215006
394    0.215029
395    0.215117
396    0.215141
397    0.215105
398    0.21505
399    0.215008
400    0.215038
401    0.215021
402    0.214955
403    0.214873
404    0.21495
405    0.214916
406    0.214976
407    0.214917
408    0.214937
409    0.214869
410    0.214806
411    0.2148
412    0.21482
413    0.214859
414    0.214845
415    0.214908
416    0.214896
417    0.214992
418    0.215007
419    0.215059
420    0.215215
421    0.215216
422    0.215122
423    0.215064
424    0.215148
425    0.215136
426    0.215164
427    0.215143
428    0.215147
429    0.215058
430    0.214961
431    0.215057
432    0.215037
433    0.215083
434    0.215009
435    0.21504
436    0.215102
437    0.21515
438    0.21516
439    0.215197
440    0.215296
441    0.215351
442    0.215279
443    0.215265
444    0.215209
445    0.215302
446    0.215306
447    0.215338
448    0.215364
449    0.215409
450    0.215428
451    0.215512
452    0.215583
453    0.215613
454    0.215623
455    0.215604
456    0.215558
457    0.215596
458    0.215691
459    0.215666
460    0.215648
461    0.215738
462    0.215613
463    0.215608
464    0.215585
465    0.215632
466    0.215652
467    0.215636
468    0.215697
469    0.215719
470    0.215662
471    0.215614
472    0.215603
473    0.215702
474    0.215671
475    0.21567
476    0.21571
477    0.215634
478    0.215576
479    0.215643
480    0.215761
481    0.215745
482    0.215696
483    0.215651
484    0.215562
485    0.215682
486    0.215791
487    0.215842
488    0.215859
489    0.215931
490    0.215962
491    0.215941
492    0.215918
493    0.215885
494    0.215954
495    0.215989
496    0.21598
497    0.215966
498    0.215876
499    0.215942
500    0.215988
501    0.215971
502    0.215969
503    0.21605
504    0.215946
505    0.216021
506    0.216096
507    0.216111
508    0.21606
509    0.216092
510    0.216011
511    0.216029
512    0.215979
513    0.215987
514    0.215913
515    0.215999
516    0.216041
517    0.216176
518    0.21611
519    0.216109
520    0.21606
521    0.216245
522    0.216229
523    0.216209
524    0.216187
525    0.216193
526    0.216139
527    0.216148
528    0.216153
529    0.216098
530    0.21613
531    0.216157
532    0.2161
533    0.216106
534    0.216142
535    0.216153
536    0.216087
537    0.216104
538    0.21615
539    0.216261
540    0.216275
541    0.216203
542    0.216301
543    0.216281
544    0.216216
545    0.216337
546    0.216351
547    0.216306
548    0.216335
549    0.216313
550    0.216238
551    0.216215
552    0.216181
553    0.21618
554    0.21619
555    0.216207
556    0.21614
557    0.216129
558    0.216125
559    0.216121
560    0.216184
561    0.216203
562    0.216262
563    0.216311
564    0.216259
565    0.216234
566    0.21626
567    0.216245
568    0.216301
569    0.21638
570    0.216415
571    0.216517
572    0.216521
573    0.216455
574    0.216402
575    0.216335
576    0.21631
577    0.21631
578    0.216403
579    0.21632
580    0.216328
581    0.216364
582    0.216347
583    0.216322
584    0.216338
585    0.216352
586    0.216331
587    0.216298
588    0.21639
589    0.216428
590    0.216497
591    0.21649
592    0.21652
593    0.216478
594    0.216541
595    0.216522
596    0.216545
597    0.216576
598    0.216573
599    0.216576
600    0.216521
601    0.216549
602    0.216625
603    0.216601
604    0.216536
605    0.216686
606    0.216669
607    0.216711
608    0.216655
609    0.216583
610    0.216602
611    0.216667
612    0.216705
613    0.21667
614    0.216568
615    0.216548
616    0.216612
617    0.216547
618    0.216556
619    0.216485
620    0.21638
621    0.216388
622    0.216381
623    0.216413
624    0.21642
625    0.216474
626    0.216454
627    0.216478
628    0.216466
629    0.216358
630    0.216362
631    0.216288
632    0.216273
633    0.21635
634    0.216256
635    0.216214
636    0.216249
637    0.216283
638    0.216294
639    0.216365
640    0.21645
641    0.216487
642    0.216452
643    0.216352
644    0.216295
645    0.216268
646    0.216309
647    0.216343
648    0.216334
649    0.216376
650    0.216353
651    0.216341
652    0.216462
653    0.216512
654    0.216536
655    0.216597
656    0.216608
657    0.216626
658    0.216593
659    0.216523
660    0.216477
661    0.216461
662    0.216473
663    0.216503
664    0.21643
665    0.216493
666    0.216538
667    0.216605
668    0.216571
669    0.216586
670    0.216601
671    0.216606
672    0.216655
673    0.21669
674    0.216631
675    0.216698
676    0.216675
677    0.216591
678    0.216537
679    0.216465
680    0.216587
681    0.216693
682    0.216589
683    0.216714
684    0.216694
685    0.21668
686    0.216706
687    0.21669
688    0.216628
689    0.216612
690    0.216642
691    0.216629
692    0.216676
693    0.216677
694    0.216672
695    0.21665
696    0.216596
697    0.216576
698    0.216659
699    0.216622
700    0.21663
701    0.216595
702    0.216576
703    0.21661
704    0.216674
705    0.216704
706    0.21675
707    0.216763
708    0.216835
709    0.216798
710    0.21672
711    0.216745
712    0.216787
713    0.216764
714    0.21681
715    0.216922
716    0.216911
717    0.216881
718    0.216872
719    0.216782
720    0.216821
721    0.216774
722    0.216767
723    0.21673
724    0.216829
725    0.216867
726    0.216821
727    0.216786
728    0.216775
729    0.216732
730    0.216792
731    0.216809
732    0.216914
733    0.216864
734    0.2168
735    0.216746
736    0.216702
737    0.216649
738    0.216668
739    0.216685
740    0.216713
741    0.216802
742    0.216743
743    0.216785
744    0.216707
745    0.216685
746    0.216717
747    0.216723
748    0.21677
749    0.216766
750    0.216706
751    0.216686
752    0.216615
753    0.216561
754    0.216614
755    0.216616
756    0.216657
757    0.216671
758    0.216714
759    0.216647
760    0.216665
761    0.216657
762    0.216672
763    0.216642
764    0.216552
765    0.216568
766    0.216574
767    0.216596
768    0.216657
769    0.216587
770    0.216568
771    0.216596
772    0.216652
773    0.216667
774    0.216633
775    0.216598
776    0.216583
777    0.216657
778    0.216597
779    0.216575
780    0.216567
781    0.216582
782    0.216546
783    0.216516
784    0.216551
785    0.216517
786    0.216457
787    0.216359
788    0.216307
789    0.216331
790    0.216376
791    0.216457
792    0.216496
793    0.21651
794    0.216549
795    0.216575
796    0.216533
797    0.216581
798    0.216582
799    0.216606
800    0.216633
801    0.216696
802    0.216721
803    0.216688
804    0.216708
805    0.216706
806    0.216677
807    0.216642
808    0.216711
809    0.216681
810    0.216748
811    0.216771
812    0.216713
813    0.216651
814    0.216611
815    0.21662
816    0.216674
817    0.216643
818    0.216638
819    0.216639
820    0.216633
821    0.216652
822    0.216699
823    0.216713
824    0.216745
825    0.216774
826    0.216728
827    0.216787
828    0.216807
829    0.216765
830    0.216753
831    0.21676
832    0.216692
833    0.21674
834    0.216684
835    0.216641
836    0.216492
837    0.216525
838    0.216518
839    0.216502
840    0.216501
841    0.216497
842    0.216547
843    0.216497
844    0.216474
845    0.216414
846    0.216358
847    0.216383
848    0.21639
849    0.216387
850    0.216365
851    0.216422
852    0.216425
853    0.216431
854    0.216426
855    0.216403
856    0.216444
857    0.216462
858    0.21647
859    0.216405
860    0.216417
861    0.216452
862    0.216438
863    0.216408
864    0.216472
865    0.216518
866    0.216502
867    0.216575
868    0.216575
869    0.216577
870    0.216582
871    0.216504
872    0.216444
873    0.216439
874    0.216429
875    0.216422
876    0.216435
877    0.216385
878    0.216369
879    0.216411
880    0.216359
881    0.21635
882    0.216401
883    0.216436
884    0.216467
885    0.216456
886    0.216428
887    0.216479
888    0.216475
889    0.216429
890    0.216425
891    0.216475
892    0.216422
893    0.216408
894    0.216355
895    0.216369
896    0.216318
897    0.216319
898    0.216239
899    0.216259
900    0.216309
901    0.216305
902    0.216315
903    0.216336
904    0.216419
905    0.21645
906    0.216417
907    0.216377
908    0.21636
909    0.216352
910    0.21638
911    0.216407
912    0.216414
913    0.216397
914    0.216367
915    0.216393
916    0.216414
917    0.216446
918    0.216427
919    0.216408
920    0.216402
921    0.216377
922    0.216407
923    0.216391
924    0.216438
925    0.216419
926    0.216483
927    0.21647
928    0.216493
929    0.216441
930    0.216436
931    0.216382
932    0.216345
933    0.216394
934    0.216396
935    0.216299
936    0.216331
937    0.216368
938    0.216337
939    0.216372
940    0.216368
941    0.216365
942    0.21636
943    0.216324
944    0.216338
945    0.216338
946    0.216377
947    0.216416
948    0.216331
949    0.216335
950    0.216331
951    0.216315
952    0.216397
953    0.216367
954    0.216394
955    0.216394
956    0.216327
957    0.21631
958    0.216286
959    0.216258
960    0.216248
961    0.21632
962    0.216292
963    0.216294
964    0.216317
965    0.21632
966    0.21636
967    0.216354
968    0.216317
969    0.216284
970    0.216274
971    0.2163
972    0.216338
973    0.216292
974    0.216272
975    0.216296
976    0.216298
977    0.216298
978    0.216392
979    0.216399
980    0.216413
981    0.216436
982    0.216405
983    0.216437
984    0.216364
985    0.21636
986    0.216387
987    0.216379
988    0.216428
989    0.21641
990    0.216459
991    0.216435
992    0.216368
993    0.216432
994    0.216464
995    0.216438
996    0.216502
997    0.216514
998    0.216546
999    0.216529
1000    0.216497
1001    0.216497
1002    0.216483
1003    0.216459
1004    0.216481
1005    0.216534
1006    0.216549
1007    0.216528
1008    0.216588
1009    0.2166
1010    0.216595
1011    0.216652
1012    0.216671
1013    0.216635
1014    0.216646
1015    0.216674
1016    0.21665
1017    0.216675
1018    0.216647
1019    0.216662
1020    0.216688
1021    0.21672
1022    0.216744
1023    0.216705
1024    0.216696
1025    0.216739
1026    0.216683
1027    0.21667
1028    0.216713
1029    0.216707
1030    0.216722
1031    0.216692
1032    0.216721
1033    0.216674
1034    0.216651
1035    0.216688
1036    0.21673
1037    0.216713
1038    0.2167
1039    0.216726
1040    0.216748
1041    0.216764
1042    0.216742
1043    0.216669
1044    0.216634
1045    0.216622
1046    0.21657
1047    0.216533
1048    0.216517
1049    0.216538
1050    0.216575
1051    0.216613
1052    0.216611
1053    0.216703
1054    0.216733
1055    0.21675
1056    0.216694
1057    0.216651
1058    0.216669
1059    0.216641
1060    0.21663
1061    0.216624
1062    0.216555
1063    0.216524
1064    0.216508
1065    0.216531
1066    0.21654
1067    0.216529
1068    0.216525
1069    0.216509
1070    0.21651
1071    0.216534
1072    0.216522
1073    0.21647
1074    0.216452
1075    0.216405
1076    0.216402
1077    0.216363
1078    0.216341
1079    0.216305
1080    0.216273
1081    0.216231
1082    0.216218
1083    0.216162
1084    0.216208
1085    0.216201
1086    0.216216
1087    0.216237
1088    0.216289
1089    0.216274
1090    0.216314
1091    0.216381
1092    0.216402
1093    0.216371
1094    0.216325
1095    0.21634
1096    0.216372
1097    0.216336
1098    0.216278
1099    0.216229
1100    0.216167
1101    0.216141
1102    0.216205
1103    0.216228
1104    0.216245
1105    0.216231
1106    0.216218
1107    0.216242
1108    0.216277
1109    0.216229
1110    0.216262
1111    0.216277
1112    0.216294
1113    0.216234
1114    0.216197
1115    0.216137
1116    0.21611
1117    0.216072
1118    0.216031
1119    0.216029
1120    0.216071
1121    0.216053
1122    0.216036
1123    0.216085
1124    0.216047
1125    0.216081
1126    0.216054
1127    0.216045
1128    0.216061
1129    0.216129
1130    0.216118
1131    0.216194
1132    0.216186
1133    0.216177
1134    0.216177
1135    0.216175
1136    0.216215
1137    0.216217
1138    0.216221
1139    0.216239
1140    0.216278
1141    0.216261
1142    0.216262
1143    0.216287
1144    0.216271
1145    0.216261
1146    0.21623
1147    0.216222
1148    0.216273
1149    0.21631
1150    0.216213
1151    0.216121
1152    0.216147
1153    0.216136
1154    0.216105
1155    0.216094
1156    0.216101
1157    0.216066
1158    0.216124
1159    0.216158
1160    0.216186
1161    0.216263
1162    0.216194
1163    0.216174
1164    0.216177
1165    0.216188
1166    0.216215
1167    0.216319
1168    0.216299
1169    0.216355
1170    0.216377
1171    0.216356
1172    0.216381
1173    0.216333
1174    0.216318
1175    0.216277
1176    0.216245
1177    0.216229
1178    0.216202
1179    0.216242
1180    0.216228
1181    0.216286
1182    0.216255
1183    0.216241
1184    0.216177
1185    0.216171
1186    0.216228
1187    0.216193
1188    0.216236
1189    0.216226
1190    0.216246
1191    0.216222
1192    0.216237
1193    0.216236
1194    0.216242
1195    0.216233
1196    0.216299
1197    0.21633
1198    0.216307
1199    0.216252
1200    0.216236
1201    0.216274
1202    0.216202
1203    0.216191
1204    0.216241
1205    0.216259
1206    0.216297
1207    0.216301
1208    0.216303
1209    0.21627
1210    0.216289
1211    0.216277
1212    0.216294
1213    0.21633
1214    0.216386
1215    0.216361
1216    0.21631
1217    0.216283
1218    0.21621
1219    0.216215
1220    0.216254
1221    0.216213
1222    0.216276
1223    0.216291
1224    0.216246
1225    0.216229
1226    0.216162
1227    0.216125
1228    0.216116
1229    0.216074
1230    0.216082
1231    0.216063
1232    0.216099
1233    0.216156
1234    0.216148
1235    0.216128
1236    0.216125
1237    0.216156
1238    0.21611
1239    0.216127
1240    0.216075
1241    0.216088
1242    0.216076
1243    0.216062
1244    0.216003
1245    0.216011
1246    0.215988
1247    0.216089
1248    0.21611
1249    0.216128
1250    0.216071
1251    0.216045
1252    0.216046
1253    0.216054
1254    0.216054
1255    0.216079
1256    0.21613
1257    0.216165
1258    0.216206
1259    0.216246
1260    0.216171
1261    0.216157
1262    0.216119
1263    0.216154
1264    0.216179
1265    0.216204
1266    0.216215
1267    0.216226
1268    0.21624
1269    0.216242
1270    0.21621
1271    0.216182
1272    0.216102
1273    0.216082
1274    0.216085
1275    0.216068
1276    0.21608
1277    0.216101
1278    0.216131
1279    0.216157
1280    0.216195
1281    0.216202
1282    0.216168
1283    0.216136
1284    0.216089
1285    0.216086
1286    0.216107
1287    0.216063
1288    0.216097
1289    0.2161
1290    0.216076
1291    0.216054
1292    0.216025
1293    0.215995
1294    0.215967
1295    0.215944
1296    0.215916
1297    0.215925
1298    0.215914
1299    0.215929
1300    0.215876
1301    0.21588
1302    0.21588
1303    0.215884
1304    0.215899
1305    0.21591
1306    0.215907
1307    0.215978
1308    0.215954
1309    0.215921
1310    0.215946
1311    0.215948
1312    0.215948
1313    0.21596
1314    0.215903
1315    0.215938
1316    0.216039
1317    0.216006
1318    0.216032
1319    0.216032
1320    0.216054
1321    0.216063
1322    0.216096
1323    0.216092
1324    0.216073
1325    0.216016
1326    0.21605
1327    0.216014
1328    0.216046
1329    0.216087
1330    0.216115
1331    0.21614
1332    0.216147
1333    0.216178
1334    0.216167
1335    0.21611
1336    0.216106
1337    0.216095
1338    0.216065
1339    0.216008
1340    0.215953
1341    0.21597
1342    0.21598
1343    0.215975
1344    0.215947
1345    0.215919
1346    0.215895
1347    0.215888
1348    0.215897
1349    0.215884
1350    0.215885
1351    0.215869
1352    0.215814
1353    0.21588
1354    0.215912
1355    0.215921
1356    0.215924
1357    0.215978
1358    0.215912
1359    0.215969
1360    0.215948
1361    0.215879
1362    0.215837
1363    0.21579
1364    0.215853
1365    0.215824
1366    0.215803
1367    0.215885
1368    0.215898
1369    0.215899
1370    0.215886
1371    0.215855
1372    0.215894
1373    0.215894
1374    0.215911
1375    0.215931
1376    0.215981
1377    0.215929
1378    0.215943
1379    0.215904
1380    0.215886
1381    0.215904
1382    0.215865
1383    0.215879
1384    0.215879
1385    0.215841
1386    0.215781
1387    0.215795
1388    0.215736
1389    0.21574
1390    0.215709
1391    0.215718
1392    0.215733
1393    0.21574
1394    0.215756
1395    0.215769
1396    0.215739
1397    0.215757
1398    0.215758
1399    0.215776
1400    0.215787
1401    0.215732
1402    0.21572
1403    0.215695
1404    0.215713
1405    0.215652
1406    0.215649
1407    0.215565
1408    0.215517
1409    0.215543
1410    0.215586
1411    0.215596
1412    0.215589
1413    0.215589
1414    0.215576
1415    0.215555
1416    0.215579
1417    0.215634
1418    0.215637
1419    0.215679
1420    0.215686
1421    0.215653
1422    0.215602
1423    0.215572
1424    0.215531
1425    0.215524
1426    0.215527
1427    0.215492
1428    0.21552
1429    0.215498
1430    0.215526
1431    0.215498
1432    0.215513
1433    0.215499
1434    0.21546
1435    0.215427
1436    0.215382
1437    0.215414
1438    0.215449
1439    0.215488
1440    0.215516
1441    0.215492
1442    0.215482
1443    0.215477
1444    0.215396
1445    0.21539
1446    0.215456
1447    0.215449
1448    0.215446
1449    0.215476
1450    0.215503
1451    0.215518
1452    0.21551
1453    0.215482
1454    0.215498
1455    0.215452
1456    0.215479
1457    0.215496
1458    0.21548
1459    0.215498
1460    0.215454
1461    0.21545
1462    0.21544
1463    0.215446
1464    0.215439
1465    0.215436
1466    0.215427
1467    0.215409
1468    0.215384
1469    0.215354
1470    0.215391
1471    0.215406
1472    0.21542
1473    0.215389
1474    0.215445
1475    0.215409
1476    0.215444
1477    0.215459
1478    0.215436
1479    0.215431
1480    0.215474
1481    0.21546
1482    0.215483
1483    0.215523
1484    0.215548
1485    0.215577
1486    0.215567
1487    0.215542
1488    0.215562
1489    0.215526
1490    0.215556
1491    0.215564
1492    0.215541
1493    0.215537
1494    0.21553
1495    0.215524
1496    0.215521
1497    0.215557
1498    0.21556
1499    0.215538
1500    0.215543
1501    0.215515
1502    0.215527
1503    0.21556
1504    0.215563
1505    0.215579
1506    0.215595
1507    0.215603
1508    0.215627
1509    0.215587
1510    0.215578
1511    0.215557
1512    0.215536
1513    0.215485
1514    0.215499
1515    0.215483
1516    0.215502
1517    0.215509
1518    0.215496
1519    0.215459
1520    0.215443
1521    0.215442
1522    0.215453
1523    0.215529
1524    0.215521
1525    0.21557
1526    0.215585
1527    0.215532
1528    0.215542
1529    0.215553
1530    0.215595
1531    0.215615
1532    0.215604
1533    0.215625
1534    0.215693
1535    0.215645
1536    0.215634
1537    0.215605
1538    0.215594
1539    0.215623
1540    0.215618
1541    0.215628
1542    0.215586
1543    0.215593
1544    0.215593
1545    0.21561
1546    0.215612
1547    0.215567
1548    0.215572
1549    0.215581
1550    0.21556
1551    0.215553
1552    0.215504
1553    0.215567
1554    0.215545
1555    0.215613
1556    0.215638
1557    0.215666
1558    0.215643
1559    0.215625
1560    0.215595
1561    0.215641
1562    0.215622
1563    0.21563
1564    0.215543
1565    0.215578
1566    0.215592
1567    0.215602
1568    0.215617
1569    0.215615
1570    0.21561
1571    0.215568
1572    0.215573
1573    0.215572
1574    0.215568
1575    0.215588
1576    0.215581
1577    0.215589
1578    0.215595
1579    0.215596
1580    0.215637
1581    0.215664
1582    0.215654
1583    0.21564
1584    0.215633
1585    0.215618
1586    0.215637
1587    0.215655
1588    0.215591
1589    0.21557
1590    0.215524
1591    0.215503
1592    0.21546
1593    0.215486
1594    0.215525
1595    0.215559
1596    0.215602
1597    0.215546
1598    0.215562
1599    0.215526
1600    0.215532
1601    0.215564
1602    0.215534
1603    0.215527
1604    0.215564
1605    0.21555
1606    0.215546
1607    0.215599
1608    0.215611
1609    0.215632
1610    0.215615
1611    0.215624
1612    0.215623
1613    0.2156
1614    0.215592
1615    0.215614
1616    0.215603
1617    0.215619
1618    0.215663
1619    0.215678
1620    0.215691
1621    0.215669
1622    0.215714
1623    0.215682
1624    0.215693
1625    0.215642
1626    0.215644
1627    0.215625
1628    0.215674
1629    0.215688
1630    0.215656
1631    0.215629
1632    0.215621
1633    0.215576
1634    0.215586
1635    0.215596
1636    0.215592
1637    0.215599
1638    0.215639
1639    0.215642
1640    0.215596
1641    0.215577
1642    0.215616
1643    0.215583
1644    0.215592
1645    0.215651
1646    0.215618
1647    0.215654
1648    0.215636
1649    0.215601
1650    0.215574
1651    0.215513
1652    0.215513
1653    0.215479
1654    0.215527
1655    0.215497
1656    0.215475
1657    0.215533
1658    0.215532
1659    0.215537
1660    0.215557
1661    0.215552
1662    0.215571
1663    0.215593
1664    0.215623
1665    0.215665
1666    0.215623
1667    0.215632
1668    0.215651
1669    0.215662
1670    0.215676
1671    0.215677
1672    0.215667
1673    0.215652
1674    0.215674
1675    0.215693
1676    0.215701
1677    0.215724
1678    0.215723
1679    0.215712
1680    0.215705
1681    0.21573
1682    0.215794
1683    0.215787
1684    0.215791
1685    0.215815
1686    0.215854
1687    0.215891
1688    0.215866
1689    0.215868
1690    0.215817
1691    0.215824
1692    0.215811
1693    0.215816
1694    0.215845
1695    0.215833
1696    0.215882
1697    0.215902
1698    0.215862
1699    0.215898
1700    0.215892
1701    0.215835
1702    0.21581
1703    0.215854
1704    0.21588
1705    0.215903
1706    0.2159
1707    0.215912
1708    0.215882
1709    0.215887
1710    0.215877
1711    0.215934
1712    0.215921
1713    0.215967
1714    0.215964
1715    0.215986
1716    0.215954
1717    0.215931
1718    0.215924
1719    0.215927
1720    0.215961
1721    0.215972
1722    0.215984
1723    0.215965
1724    0.215993
1725    0.216015
1726    0.216032
1727    0.216042
1728    0.216024
1729    0.21599
1730    0.215996
1731    0.216024
1732    0.216019
1733    0.215976
1734    0.21597
1735    0.215934
1736    0.215915
1737    0.215918
1738    0.215866
1739    0.215907
1740    0.215949
1741    0.215902
1742    0.215901
1743    0.215945
1744    0.215901
1745    0.215882
1746    0.215884
1747    0.215857
1748    0.215904
1749    0.215858
1750    0.215875
1751    0.215873
1752    0.215906
1753    0.215916
1754    0.215965
1755    0.216003
1756    0.215999
1757    0.215983
1758    0.216022
1759    0.216034
1760    0.216048
1761    0.215991
1762    0.216053
1763    0.215999
1764    0.215981
1765    0.216014
1766    0.216013
1767    0.21601
1768    0.216006
1769    0.216013
1770    0.216027
1771    0.216073
1772    0.216092
1773    0.216078
1774    0.216069
1775    0.216091
1776    0.216118
1777    0.21614
1778    0.216159
1779    0.216128
1780    0.216141
1781    0.216143
1782    0.216149
1783    0.216141
1784    0.216117
1785    0.216118
1786    0.216138
1787    0.216172
1788    0.216129
1789    0.216114
1790    0.216162
1791    0.216189
1792    0.216138
1793    0.216149
1794    0.21615
1795    0.21613
1796    0.216142
1797    0.216154
1798    0.216195
1799    0.216241
1800    0.216211
1801    0.216185
1802    0.216147
1803    0.216129
1804    0.216081
1805    0.216082
1806    0.216067
1807    0.216115
1808    0.216154
1809    0.216173
1810    0.216142
1811    0.216098
1812    0.21615
1813    0.216137
1814    0.216139
1815    0.216132
1816    0.216092
1817    0.216092
1818    0.21604
1819    0.216051
1820    0.216069
1821    0.216056
1822    0.216107
1823    0.216146
1824    0.216111
1825    0.216144
1826    0.216172
1827    0.216165
1828    0.216185
1829    0.216167
1830    0.216135
1831    0.216146
1832    0.216172
1833    0.21619
1834    0.216171
1835    0.216197
1836    0.216231
1837    0.216227
1838    0.2162
1839    0.216214
1840    0.21625
1841    0.216205
1842    0.216204
1843    0.216209
1844    0.216208
1845    0.21623
1846    0.216196
1847    0.216239
1848    0.216245
1849    0.216268
1850    0.216253
1851    0.216244
1852    0.21625
1853    0.216245
1854    0.216237
1855    0.216219
1856    0.216226
1857    0.216169
1858    0.216174
1859    0.21617
1860    0.216156
1861    0.216161
1862    0.216154
1863    0.216115
1864    0.216082
1865    0.21609
1866    0.216102
1867    0.216069
1868    0.216054
1869    0.216079
1870    0.216072
1871    0.216092
1872    0.216082
1873    0.216039
1874    0.216067
1875    0.216074
1876    0.216063
1877    0.216041
1878    0.216067
1879    0.216052
1880    0.216003
1881    0.21601
1882    0.216004
1883    0.215987
1884    0.215936
1885    0.215931
1886    0.215919
1887    0.215903
1888    0.21588
1889    0.215892
1890    0.215875
1891    0.215853
1892    0.215834
1893    0.21581
1894    0.215872
1895    0.215822
1896    0.215801
1897    0.215757
1898    0.215751
1899    0.215745
1900    0.215755
1901    0.215768
1902    0.21581
1903    0.215772
1904    0.215753
1905    0.215752
1906    0.21578
1907    0.215775
1908    0.215807
1909    0.215767
1910    0.215732
1911    0.215721
1912    0.215715
1913    0.215708
1914    0.215691
1915    0.215658
1916    0.215597
1917    0.215611
1918    0.21558
1919    0.215532
1920    0.21552
1921    0.215523
1922    0.215499
1923    0.215515
1924    0.215547
1925    0.21558
1926    0.215611
1927    0.215591
1928    0.215554
1929    0.215512
1930    0.215522
1931    0.215473
1932    0.215497
1933    0.21547
1934    0.215414
1935    0.215395
1936    0.215376
1937    0.21533
1938    0.215319
1939    0.215319
1940    0.215307
1941    0.215327
1942    0.215326
1943    0.215337
1944    0.215389
1945    0.215413
1946    0.215417
1947    0.215427
1948    0.215458
1949    0.215441
1950    0.215438
1951    0.21545
1952    0.215465
1953    0.215441
1954    0.215462
1955    0.215441
1956    0.21543
1957    0.215425
1958    0.215421
1959    0.215447
1960    0.215394
1961    0.215422
1962    0.215356
1963    0.215392
1964    0.215425
1965    0.215397
1966    0.215376
1967    0.215359
1968    0.215368
1969    0.215366
1970    0.215383
1971    0.215401
1972    0.215383
1973    0.215347
1974    0.21534
1975    0.215327
1976    0.215346
1977    0.215323
1978    0.215317
1979    0.215307
1980    0.215327
1981    0.215307
1982    0.215316
1983    0.215318
1984    0.215294
1985    0.215272
1986    0.215312
1987    0.215308
1988    0.215324
1989    0.215359
1990    0.215379
1991    0.21538
1992    0.215406
1993    0.215396
1994    0.215358
1995    0.215368
1996    0.21537
1997    0.215393
1998    0.215414
1999    0.215434
2000    0.215448