
1    1.000000
2    1.998640
3    3.002800
4    4.027800
5    5.038080
6    6.016760
7    7.000000
8    7.988280
9    8.992720
10    9.988160
11    11.031200
12    11.994920
13    12.971360
14    13.964960
15    14.953840
16    15.954880
17    16.946960
18    17.906560
19    18.920080
20    19.939960
21    20.933120
22    21.942800
23    22.998800
24    24.044840
25    24.987200
26    25.983360
27    27.012160
28    28.019000
29    28.988160
30    29.972840
31    31.005280
32    32.036800
33    32.964800
34    33.959600
35    34.987760
36    36.011360
37    37.063440
38    38.010320
39    38.988880
40    40.004720
41    41.024480
42    41.995520
43    43.022960
44    44.036400
45    45.086800
46    46.058880
47    47.031120
48    48.058520
49    49.045120
50    50.083240
51    51.093920
52    52.103480
53    53.095120
54    54.122960
55    55.087280
56    56.072320
57    57.146320
58    58.190280
59    59.179040
60    60.202560
61    61.194480
62    62.221760
63    63.325680
64    64.333080
65    65.329600
66    66.401360
67    67.415360
68    68.512520
69    69.415280
70    70.436040
71    71.446480
72    72.493120
73    73.447520
74    74.358520
75    75.347120
76    76.392960
77    77.428640
78    78.438280
79    79.449920
80    80.516560
81    81.470160
82    82.489720
83    83.501840
84    84.460240
85    85.402240
86    86.399560
87    87.427040
88    88.419880
89    89.379760
90    90.256040
91    91.279520
92    92.310760
93    93.318880
94    94.193680
95    95.136960
96    96.180280
97    97.125040
98    98.192840
99    99.208320
100    100.200960
101    101.173760
102    102.130520
103    103.066720
104    103.962320
105    104.957440
106    105.957560
107    106.971520
108    108.024680
109    109.167280
110    110.190800
111    111.164400
112    112.272880
113    113.217520
114    114.191840
115    115.167600
116    116.316160
117    117.361440
118    118.325520
119    119.385680
120    120.310400
121    121.268160
122    122.259200
123    123.281280
124    124.174280
125    125.241040
126    126.247680
127    127.298160
128    128.316200
129    129.393360
130    130.464120
131    131.467760
132    132.602600
133    133.570640
134    134.495800
135    135.513280
136    136.511240
137    137.584000
138    138.527480
139    139.373280
140    140.374080
141    141.349120
142    142.313920
143    143.276160
144    144.142120
145    145.076960
146    145.952920
147    147.045360
148    147.965360
149    148.911920
150    149.847440
151    150.666320
152    151.615200
153    152.595520
154    153.648840
155    154.616160
156    155.703200
157    156.740720
158    157.690200
159    158.630080
160    159.659840
161    160.690160
162    161.730440
163    162.744640
164    163.740240
165    164.599200
166    165.557040
167    166.598880
168    167.620120
169    168.655280
170    169.725760
171    170.638960
172    171.660200
173    172.781200
174    173.804040
175    175.069280
176    175.950440
177    176.910080
178    177.912840
179    178.888800
180    179.897520
181    180.975520
182    181.981520
183    182.866560
184    183.910720
185    184.736960
186    185.728880
187    186.783280
188    187.844960
189    188.860000
190    189.896120
191    190.870160
192    191.746160
193    192.763760
194    193.897800
195    194.970560
196    195.951280
197    196.992880
198    197.876720
199    198.879360
200    200.013280
201    200.925520
202    201.875080
203    202.795520
204    203.820000
205    204.789840
206    205.760600
207    206.820000
208    207.741400
209    208.855280
210    210.046640
211    211.138160
212    212.245400
213    213.226880
214    214.108200
215    215.122480
216    216.193560
217    217.118560
218    218.036080
219    219.153200
220    220.122680
221    220.968800
222    221.949560
223    223.007920
224    223.954960
225    225.012400
226    226.071160
227    227.053760
228    228.050480
229    229.025040
230    229.975800
231    230.794480
232    231.835240
233    232.674800
234    233.626640
235    234.742640
236    235.610560
237    236.572160
238    237.618760
239    238.649920
240    239.582640
241    240.512240
242    241.453960
243    242.510720
244    243.467640
245    244.519520
246    245.416360
247    246.398960
248    247.340720
249    248.489280
250    249.408360
251    250.331600
252    251.401840
253    252.475200
254    253.401840
255    254.329040
256    255.328680
257    256.123280
258    257.126480
259    258.183200
260    259.007400
261    260.104240
262    261.072880
263    262.112320
264    262.958360
265    263.869200
266    264.712440
267    265.603440
268    266.556160
269    267.570640
270    268.566800
271    269.564720
272    270.652920
273    271.654400
274    272.649240
275    273.605040
276    274.746640
277    275.753920
278    276.794840
279    277.882160
280    278.856320
281    279.781280
282    280.647920
283    281.749600
284    282.761240
285    283.781120
286    284.665640
287    285.482880
288    286.393600
289    287.394480
290    288.326000
291    289.317520
292    290.447320
293    291.341200
294    292.362360
295    293.492160
296    294.518800
297    295.456400
298    296.469800
299    297.568880
300    298.663560
301    299.591200
302    300.564840
303    301.663680
304    302.663640
305    303.756160
306    304.840360
307    305.813280
308    306.729960
309    307.654640
310    308.565200
311    309.635440
312    310.769960
313    311.787920
314    312.732200
315    313.637520
316    314.804800
317    315.841760
318    316.824280
319    317.686240
320    318.712840
321    319.741680
322    320.824800
323    321.776720
324    322.872360
325    323.632320
326    324.740720
327    325.566000
328    326.479160
329    327.452800
330    328.415280
331    329.429040
332    330.291320
333    331.286000
334    332.341480
335    333.244480
336    334.370160
337    335.368240
338    336.384040
339    337.344480
340    338.187280
341    339.323200
342    340.178240
343    341.256800
344    342.356240
345    343.331040
346    344.359440
347    345.330160
348    346.442760
349    347.488560
350    348.354960
351    349.443840
352    350.402840
353    351.471600
354    352.567960
355    353.472000
356    354.439720
357    355.416080
358    356.383920
359    357.359600
360    358.394640
361    359.414240
362    360.402760
363    361.174880
364    362.153120
365    363.217760
366    364.307760
367    365.266320
368    366.410320
369    367.202400
370    368.162960
371    369.295520
372    370.495440
373    371.502720
374    372.587800
375    373.594960
376    374.247080
377    375.098320
378    376.059800
379    376.952720
380    378.114640
381    379.294800
382    380.218280
383    381.230720
384    382.239080
385    383.365120
386    384.348160
387    385.186960
388    386.153720
389    386.956000
390    388.069840
391    389.244960
392    390.159480
393    391.073840
394    391.974440
395    392.959360
396    393.953360
397    395.045600
398    396.033600
399    397.171280
400    397.986200
401    399.195520
402    400.248400
403    400.997920
404    401.944120
405    402.942480
406    403.809440
407    405.065840
408    405.960920
409    407.129040
410    407.999280
411    408.945760
412    409.821000
413    410.788800
414    411.532280
415    412.818000
416    413.930320
417    415.061120
418    416.208840
419    417.090240
420    418.313000
421    419.399840
422    420.224360
423    421.214240
424    422.166200
425    423.388080
426    424.376840
427    425.342480
428    426.427840
429    427.666240
430    428.641640
431    429.738640
432    430.465080
433    431.482400
434    432.499240
435    433.553760
436    434.551440
437    435.547440
438    436.342640
439    437.251840
440    438.365240
441    439.312160
442    440.289880
443    441.197520
444    442.093000
445    442.802160
446    443.802040
447    444.894800
448    445.708600
449    446.868720
450    447.952120
451    449.113120
452    450.249880
453    451.324880
454    452.386920
455    453.243840
456    454.212960
457    455.184960
458    456.093680
459    456.980560
460    458.145960
461    459.107360
462    460.234240
463    461.026560
464    462.056560
465    462.963360
466    463.678760
467    464.711120
468    465.795760
469    466.802320
470    467.829840
471    468.819200
472    469.815720
473    470.980080
474    472.123520
475    472.972480
476    474.218720
477    475.225920
478    476.103400
479    477.038800
480    478.125840
481    479.383520
482    480.439400
483    481.354720
484    482.420320
485    483.277760
486    484.240920
487    485.332480
488    486.347200
489    487.192800
490    488.082320
491    489.091200
492    490.000640
493    491.053360
494    492.371440
495    493.416960
496    494.319880
497    495.212320
498    496.066640
499    497.115280
500    498.009920
501    498.729520
502    499.431960
503    500.516160
504    501.548360
505    502.676880
506    503.626960
507    504.561520
508    505.401560
509    506.273520
510    507.233800
511    508.316320
512    509.158480
513    510.267840
514    511.350960
515    512.102320
516    513.269320
517    514.018880
518    515.253120
519    516.304400
520    517.383640
521    518.212640
522    519.067200
523    520.322800
524    521.113560
525    521.955680
526    522.722720
527    523.652480
528    524.659480
529    525.618720
530    526.490640
531    527.466640
532    528.494960
533    529.408400
534    530.202880
535    531.273920
536    532.000600
537    532.942800
538    534.122000
539    535.091360
540    536.034760
541    537.088560
542    538.229320
543    539.502880
544    540.358600
545    541.378240
546    541.989240
547    542.785840
548    543.726160
549    544.961600
550    545.603240
551    546.731200
552    547.570760
553    548.308720
554    549.255840
555    550.043440
556    550.998360
557    552.109680
558    552.947160
559    553.833920
560    554.863680
561    555.764560
562    556.635400
563    557.683280
564    558.766280
565    559.502560
566    560.510200
567    561.648480
568    562.571320
569    563.720400
570    564.809680
571    565.821600
572    566.946760
573    568.130400
574    569.218160
575    570.336000
576    571.366200
577    572.274080
578    573.255760
579    574.054160
580    575.261120
581    576.581200
582    577.443680
583    578.567600
584    579.648400
585    580.364400
586    581.549320
587    582.703200
588    583.787640
589    584.681360
590    585.311440
591    586.238640
592    587.185560
593    588.309520
594    589.097120
595    590.167280
596    591.364160
597    592.459040
598    593.666200
599    594.826560
600    595.896560
601    597.090240
602    598.225240
603    599.283440
604    600.187480
605    601.261760
606    601.808560
607    602.710160
608    603.423360
609    604.590240
610    605.518800
611    606.393600
612    607.580200
613    608.459200
614    609.465120
615    610.466320
616    611.443920
617    612.343120
618    613.338760
619    614.476720
620    615.907880
621    617.019520
622    617.960680
623    619.140800
624    620.249040
625    621.429680
626    622.276120
627    623.383600
628    624.360280
629    625.619440
630    626.550280
631    627.570480
632    628.309160
633    629.369280
634    630.401520
635    631.464960
636    632.505000
637    633.698880
638    634.370320
639    635.615520
640    636.558480
641    637.591280
642    638.705480
643    639.865440
644    641.074760
645    642.164800
646    643.148680
647    643.991520
648    645.079680
649    646.492800
650    647.555200
651    648.545200
652    649.281640
653    650.402640
654    651.351200
655    652.130000
656    653.234920
657    654.241840
658    655.551880
659    656.413440
660    657.544200
661    658.419600
662    659.452880
663    660.580640
664    661.668000
665    662.860560
666    664.080200
667    665.092720
668    666.151400
669    667.224160
670    668.746240
671    669.983280
672    671.031760
673    671.903040
674    672.941280
675    674.054400
676    674.822640
677    675.730960
678    676.561400
679    677.622560
680    678.443720
681    679.515520
682    680.826440
683    681.877600
684    682.753680
685    683.517200
686    684.397600
687    685.446160
688    686.473680
689    687.421440
690    688.754960
691    689.974240
692    690.753360
693    691.907680
694    693.012440
695    694.247680
696    695.108680
697    696.234000
698    697.158960
699    698.026560
700    699.168320
701    700.241680
702    701.213360
703    702.396880
704    703.341360
705    704.264400
706    705.591400
707    707.047520
708    707.788280
709    709.140080
710    710.174960
711    711.384320
712    712.400040
713    713.527440
714    714.289840
715    715.209200
716    716.367640
717    717.494320
718    718.535320
719    719.250480
720    720.399360
721    721.307200
722    722.296720
723    723.209680
724    724.202600
725    725.113280
726    726.152760
727    726.819120
728    727.810400
729    728.633680
730    729.891720
731    730.766320
732    731.640200
733    732.912160
734    733.735360
735    734.977280
736    736.079920
737    737.039680
738    738.163200
739    739.234320
740    740.085640
741    741.320480
742    742.365000
743    743.766640
744    744.488040
745    745.602880
746    746.559040
747    747.541840
748    748.548920
749    749.658320
750    750.807960
751    751.716000
752    752.717960
753    753.761360
754    754.816800
755    755.819920
756    756.714520
757    757.798480
758    758.761920
759    759.417360
760    760.514920
761    761.463360
762    762.552520
763    763.765440
764    764.850920
765    765.838320
766    766.999480
767    767.882000
768    769.039800
769    770.121280
770    770.896280
771    772.091280
772    773.353320
773    774.752160
774    775.829040
775    776.974160
776    777.821520
777    778.932480
778    780.082560
779    781.373600
780    782.045480
781    783.087040
782    783.947440
783    784.889360
784    785.906640
785    786.871680
786    788.059440
787    789.138800
788    790.458960
789    791.321040
790    792.403080
791    793.740880
792    794.809480
793    795.781600
794    796.930280
795    798.010720
796    799.119480
797    799.918800
798    801.215040
799    801.984880
800    803.494360
801    804.453200
802    805.282720
803    806.246320
804    807.292560
805    808.506560
806    809.368760
807    810.444640
808    811.139120
809    812.290320
810    813.525840
811    814.665840
812    815.826000
813    816.740960
814    817.552280
815    818.637040
816    819.509040
817    820.695520
818    821.795640
819    822.507120
820    823.554640
821    824.701440
822    825.960640
823    826.660240
824    827.691760
825    828.568800
826    829.567440
827    830.639200
828    831.474400
829    832.691520
830    834.022560
831    834.904880
832    836.060920
833    837.064080
834    837.955520
835    839.011600
836    839.952160
837    840.965600
838    841.870360
839    842.819840
840    844.024840
841    845.467360
842    846.595560
843    847.820640
844    849.122680
845    850.000960
846    850.777840
847    851.907680
848    852.782640
849    853.800000
850    854.858360
851    855.569760
852    856.636960
853    857.749120
854    858.779920
855    859.550320
856    860.561040
857    861.317520
858    861.948880
859    863.133760
860    864.202720
861    865.262320
862    866.249400
863    867.225360
864    867.893160
865    869.106640
866    870.145800
867    871.088560
868    871.983400
869    873.102400
870    874.131680
871    875.015840
872    875.948080
873    877.081520
874    878.240240
875    879.221600
876    880.504800
877    881.562720
878    882.492880
879    883.462000
880    884.279480
881    885.482240
882    886.301200
883    887.397520
884    888.418640
885    889.552400
886    890.413440
887    891.432320
888    892.422120
889    893.439040
890    894.237400
891    895.441600
892    896.747840
893    897.777200
894    898.768080
895    899.834080
896    901.272960
897    902.077280
898    903.198160
899    903.948480
900    904.782640
901    905.894080
902    907.148160
903    907.955040
904    908.888720
905    909.874000
906    910.990320
907    911.909360
908    913.020520
909    913.918240
910    914.988560
911    915.764400
912    916.650200
913    917.541840
914    918.557840
915    919.444320
916    920.727600
917    921.645920
918    922.626120
919    923.769760
920    924.552640
921    925.503120
922    926.369760
923    927.510560
924    928.849280
925    929.774640
926    930.902120
927    932.024480
928    933.130120
929    934.533760
930    935.602240
931    936.858720
932    937.620560
933    938.601040
934    939.583920
935    940.601680
936    941.922680
937    943.212640
938    944.188920
939    945.255360
940    946.154040
941    947.402720
942    948.563400
943    950.049840
944    951.336280
945    952.469040
946    953.501200
947    954.674640
948    955.794800
949    957.096480
950    958.267040
951    959.062720
952    960.000720
953    961.153040
954    962.236720
955    963.168720
956    964.376320
957    965.406560
958    966.186960
959    967.378160
960    968.018920
961    969.146080
962    970.168240
963    971.135360
964    972.378760
965    973.121360
966    974.165240
967    975.399920
968    976.376120
969    977.312080
970    978.409720
971    979.234480
972    980.134800
973    981.108480
974    981.955600
975    982.832480
976    983.744400
977    984.604240
978    985.831800
979    986.946480
980    987.910560
981    988.862640
982    989.547680
983    990.893360
984    992.003200
985    992.779840
986    993.815560
987    994.910560
988    996.244440
989    996.964880
990    998.017080
991    999.369520
992    1000.418800
993    1001.399040
994    1002.421760
995    1003.420000
996    1004.162640
997    1005.130960
998    1006.137880
999    1007.314640

