
1    1.000000
2    1.996720
3    2.984720
4    3.976560
5    4.980640
6    5.991000
7    6.970240
8    7.982600
9    8.964720
10    9.977040
11    10.996240
12    12.017600
13    13.009680
14    14.021520
15    15.019840
16    15.993600
17    17.042000
18    18.018040
19    18.992880
20    20.025720
21    21.088480
22    22.088960
23    23.049600
24    24.012320
25    25.009520
26    25.999360
27    27.002000
28    27.969040
29    28.979280
30    29.990160
31    30.967280
32    31.949200
33    32.951040
34    33.972920
35    35.053840
36    36.064360
37    37.078240
38    38.097280
39    39.066240
40    40.087120
41    41.140960
42    42.148720
43    43.164880
44    44.172840
45    45.217280
46    46.226720
47    47.254880
48    48.296800
49    49.301760
50    50.265240
51    51.164240
52    52.170720
53    53.203440
54    54.194320
55    55.178640
56    56.179960
57    57.151360
58    58.140840
59    59.170320
60    60.098800
61    61.073760
62    62.130560
63    63.132320
64    64.199920
65    65.226800
66    66.228080
67    67.173120
68    68.211320
69    69.157680
70    70.109440
71    71.151440
72    72.126480
73    73.121440
74    74.168560
75    75.148880
76    76.210040
77    77.231440
78    78.111200
79    79.122960
80    80.102640
81    81.137520
82    82.108600
83    83.057920
84    83.986640
85    84.950640
86    86.037160
87    87.068640
88    88.144080
89    89.173760
90    90.282440
91    91.219360
92    92.242400
93    93.264560
94    94.238560
95    95.271280
96    96.369320
97    97.352640
98    98.386720
99    99.407440
100    100.365760
101    101.412320
102    102.314240
103    103.261120
104    104.234880
105    105.189760
106    106.154640
107    107.077040
108    108.133000
109    109.146000
110    110.055320
111    111.057760
112    111.958760
113    112.832080
114    113.883840
115    114.893680
116    115.875800
117    117.000720
118    118.039560
119    119.073520
120    120.093920
121    121.062320
122    122.010240
123    123.108160
124    124.170360
125    125.178640
126    126.181720
127    127.189040
128    127.891680
129    129.009600
130    129.998400
131    130.928160
132    132.027040
133    132.977840
134    133.920120
135    134.823440
136    135.760680
137    136.759600
138    137.664520
139    138.683760
140    139.709040
141    140.642240
142    141.772720
143    142.790000
144    143.722520
145    144.739440
146    145.728760
147    146.736560
148    147.726040
149    148.830560
150    149.755560
151    150.732160
152    151.593280
153    152.645200
154    153.673800
155    154.644640
156    155.684440
157    156.545440
158    157.569160
159    158.546240
160    159.400840
161    160.426240
162    161.359680
163    162.385360
164    163.379160
165    164.411600
166    165.428560
167    166.352560
168    167.301800
169    168.394160
170    169.414560
171    170.422560
172    171.425440
173    172.444640
174    173.507600
175    174.546160
176    175.642760
177    176.779920
178    178.003440
179    179.080160
180    180.075000
181    181.047520
182    182.128520
183    183.201120
184    184.150040
185    185.258880
186    186.355080
187    187.265520
188    188.296920
189    189.164160
190    189.956480
191    190.894000
192    191.854720
193    192.917040
194    193.922400
195    194.973680
196    195.993440
197    196.966480
198    197.968120
199    199.035600
200    199.917960
201    200.947760
202    201.986320
203    202.867040
204    204.007000
205    205.016560
206    205.981080
207    206.916880
208    207.879200
209    208.860560
210    209.850720
211    210.944720
212    211.999200
213    213.041360
214    214.068200
215    215.069840
216    216.178160
217    217.220480
218    218.273600
219    219.346720
220    220.338040
221    221.392960
222    222.319800
223    223.466880
224    224.564040
225    225.566720
226    226.535160
227    227.645520
228    228.648320
229    229.798000
230    230.617560
231    231.610400
232    232.708520
233    233.796880
234    234.686320
235    235.707760
236    236.624280
237    237.794640
238    238.850880
239    239.806080
240    240.791520
241    241.813200
242    242.869680
243    243.854560
244    244.830880
245    245.794480
246    246.735480
247    247.714000
248    248.782400
249    249.704480
250    250.599000
251    251.627120
252    252.723640
253    253.517680
254    254.532920
255    255.532880
256    256.495560
257    257.503680
258    258.364040
259    259.314320
260    260.238600
261    261.123280
262    261.980720
263    263.120240
264    264.070240
265    265.131120
266    266.269000
267    267.142800
268    268.241000
269    269.347120
270    270.328040
271    271.344960
272    272.297440
273    273.365360
274    274.234400
275    275.172400
276    276.189480
277    277.094320
278    278.094400
279    278.996080
280    280.070320
281    281.038000
282    282.151920
283    283.303200
284    284.302840
285    285.444640
286    286.452880
287    287.615680
288    288.487440
289    289.496240
290    290.515040
291    291.656080
292    292.520600
293    293.564160
294    294.523320
295    295.423120
296    296.436280
297    297.340160
298    298.247520
299    299.208640
300    300.128400
301    301.255440
302    302.169880
303    303.036640
304    304.058560
305    305.034720
306    305.896920
307    306.900000
308    307.830280
309    308.695520
310    309.634760
311    310.685440
312    311.876440
313    312.853280
314    313.784080
315    314.684320
316    315.503840
317    316.485040
318    317.517360
319    318.526480
320    319.526160
321    320.424320
322    321.351320
323    322.213760
324    323.244640
325    324.153280
326    325.143720
327    326.166960
328    327.064840
329    328.148880
330    329.112520
331    330.245760
332    331.237160
333    332.203600
334    333.096480
335    333.898480
336    334.885840
337    336.063280
338    337.047520
339    337.956080
340    338.883440
341    340.033040
342    341.190160
343    341.917440
344    343.054840
345    343.893600
346    344.920680
347    345.883200
348    346.914240
349    347.851120
350    348.878680
351    349.808080
352    350.924400
353    352.170320
354    353.181440
355    354.235120
356    355.198960
357    356.036800
358    357.162400
359    358.027680
360    359.172800
361    360.310000
362    361.481480
363    362.277760
364    363.265840
365    364.412960
366    365.355720
367    366.498000
368    367.527040
369    368.552960
370    369.628400
371    370.652400
372    371.731240
373    372.694800
374    373.631200
375    374.580320
376    375.500120
377    376.463520
378    377.558360
379    378.703840
380    379.785240
381    380.789520
382    381.652760
383    382.657120
384    383.710920
385    384.729040
386    385.556920
387    386.499360
388    387.356440
389    388.246560
390    389.270040
391    390.195440
392    390.926960
393    391.802880
394    392.659440
395    393.455120
396    394.230440
397    395.115280
398    395.900400
399    396.965600
400    398.001360
401    399.310640
402    400.396000
403    401.490480
404    402.467280
405    403.413040
406    404.546160
407    405.819920
408    406.715200
409    407.686640
410    408.795080
411    409.932400
412    410.944680
413    412.204720
414    413.134840
415    413.992320
416    414.976040
417    415.926720
418    417.090000
419    417.931600
420    418.966680
421    419.992320
422    421.034280
423    421.953280
424    422.954360
425    424.106320
426    425.033960
427    426.249040
428    427.352160
429    428.355680
430    429.153440
431    430.286400
432    431.447560
433    432.542480
434    433.403200
435    434.164880
436    435.102280
437    436.097120
438    437.003520
439    438.291120
440    439.328120
441    440.321840
442    441.300480
443    442.192000
444    443.389480
445    444.505280
446    445.528200
447    446.585680
448    447.693400
449    448.702160
450    449.725920
451    450.778080
452    451.723080
453    452.819600
454    453.960040
455    454.691920
456    455.590640
457    456.464560
458    457.661600
459    458.746640
460    459.709120
461    460.766080
462    461.753680
463    462.826000
464    464.078800
465    465.126960
466    466.073720
467    466.841280
468    467.784160
469    468.797760
470    469.827400
471    470.689680
472    471.940200
473    472.796400
474    473.727160
475    474.690720
476    475.724520
477    476.844880
478    477.743240
479    478.641680
480    479.553760
481    480.719920
482    481.779240
483    483.129600
484    484.123360
485    485.058000
486    485.862880
487    486.762880
488    487.715360
489    488.772480
490    489.957480
491    490.897440
492    491.823280
493    492.670240
494    493.669880
495    494.411520
496    495.441920
497    496.211840
498    497.154080
499    498.190720
500    499.038120
501    499.792080
502    500.587960
503    501.697360
504    502.663680
505    503.897840
506    505.067600
507    505.953600
508    507.034000
509    508.253280
510    509.295240
511    510.353600
512    511.427880
513    512.524640
514    513.497800
515    514.419280
516    515.365120
517    516.588640
518    517.635360
519    518.736160
520    519.693680
521    520.777040
522    521.590440
523    522.820240
524    523.525960
525    524.712160
526    525.553880
527    526.449280
528    527.475880
529    528.480960
530    529.607200
531    530.270240
532    531.160400
533    532.077520
534    533.077920
535    534.337120
536    535.259480
537    536.486160
538    537.624600
539    538.380880
540    539.574760
541    540.475840
542    541.341280
543    542.418800
544    543.236240
545    544.171920
546    545.133560
547    546.310800
548    547.079280
549    548.361120
550    549.516680
551    550.299040
552    551.129720
553    551.987520
554    552.950320
555    553.891280
556    554.939760
557    555.901920
558    557.044680
559    558.054720
560    558.976600
561    560.092720
562    561.097680
563    561.861200
564    562.754440
565    563.730480
566    564.806880
567    565.910400
568    566.708800
569    567.665120
570    568.666880
571    569.471200
572    570.692080
573    571.548400
574    572.383440
575    573.336720
576    574.389520
577    575.486000
578    576.290920
579    577.287520
580    578.156560
581    579.214160
582    580.378920
583    581.266720
584    582.173640
585    583.308480
586    584.259640
587    585.316160
588    586.317280
589    587.102480
590    588.000880
591    589.052240
592    590.291320
593    591.335760
594    592.431920
595    593.474720
596    594.420480
597    595.639040
598    596.636000
599    597.518320
600    598.649240
601    599.761120
602    600.851200
603    601.948000
604    602.819200
605    603.659920
606    604.698280
607    605.458480
608    606.650120
609    607.418240
610    608.407880
611    609.253600
612    610.232800
613    611.487920
614    612.331600
615    613.616480
616    614.739040
617    615.918400
618    616.816200
619    617.922800
620    618.999360
621    619.843040
622    620.550320
623    621.416000
624    622.419720
625    623.469680
626    624.473040
627    625.686400
628    626.600840
629    627.823520
630    628.332120
631    629.250960
632    630.382360
633    631.134080
634    631.830680
635    632.782160
636    633.923840
637    635.048640
638    635.957000
639    637.127680
640    638.270720
641    639.372000
642    640.737040
643    641.778480
644    642.991480
645    644.204320
646    645.133560
647    645.852320
648    646.782040
649    647.730880
650    648.453160
651    649.127920
652    650.126840
653    650.892560
654    651.740000
655    652.982720
656    653.643720
657    654.537360
658    655.525080
659    656.422400
660    657.188600
661    658.526880
662    659.427560
663    660.701040
664    661.774840
665    662.683920
666    663.849960
667    664.794160
668    665.946440
669    666.913120
670    667.872600
671    668.839520
672    669.710160
673    670.606720
674    671.857200
675    673.090640
676    674.140400
677    675.190640
678    676.200320
679    676.987120
680    678.298000
681    679.136160
682    680.359600
683    681.360880
684    682.216400
685    683.393360
686    684.788200
687    685.719200
688    686.500560
689    687.352960
690    688.229120
691    689.236240
692    689.808160
693    690.788640
694    691.498640
695    692.717600
696    693.845200
697    694.870480
698    695.952000
699    696.965440
700    698.014040
701    699.110000
702    700.146560
703    701.144960
704    701.986880
705    703.024640
706    704.115280
707    705.170000
708    706.169720
709    707.019680
710    707.869160
711    708.633600
712    709.744000
713    710.943520
714    711.756160
715    712.958480
716    713.761560
717    714.691760
718    715.555120
719    716.469200
720    717.387440
721    718.397200
722    719.287400
723    720.375520
724    721.008080
725    721.897520
726    722.869760
727    724.039840
728    725.295840
729    726.286880
730    727.205160
731    728.133200
732    729.365600
733    730.615440
734    731.623680
735    732.651440
736    733.348800
737    734.189040
738    735.347360
739    736.202720
740    737.375240
741    738.456160
742    739.328000
743    740.511040
744    741.720120
745    742.499600
746    743.422680
747    744.376480
748    745.190240
749    746.443520
750    747.539480
751    748.477920
752    749.356920
753    750.201600
754    751.248360
755    752.372880
756    753.403280
757    754.383840
758    755.253960
759    756.032880
760    757.012440
761    757.791520
762    758.848320
763    760.021440
764    761.131360
765    762.323440
766    763.220120
767    764.252880
768    765.183760
769    766.287120
770    767.412200
771    768.322080
772    769.393720
773    770.526240
774    771.498480
775    772.123680
776    773.206640
777    774.282720
778    775.234920
779    776.157840
780    777.229440
781    778.376800
782    779.572240
783    780.519440
784    781.878360
785    782.816240
786    783.606640
787    784.767040
788    785.655160
789    786.753120
790    787.721240
791    788.640160
792    789.689800
793    790.754880
794    791.897840
795    792.810160
796    793.857800
797    794.757760
798    795.890600
799    797.066160
800    798.032200
801    798.831520
802    799.715960
803    800.796160
804    801.577280
805    802.649360
806    803.725960
807    804.682640
808    805.543520
809    806.779440
810    807.754360
811    808.467920
812    809.545840
813    810.702400
814    811.755160
815    812.716160
816    813.953320
817    815.122400
818    816.272600
819    817.468160
820    818.527040
821    819.694640
822    820.901040
823    821.764000
824    822.621640
825    823.550560
826    824.565920
827    825.479440
828    826.248080
829    827.329600
830    828.336840
831    829.349840
832    830.462160
833    831.676800
834    832.732800
835    833.952640
836    834.963600
837    835.896080
838    837.064720
839    838.293360
840    839.207840
841    840.066400
842    841.288840
843    842.372640
844    843.266040
845    844.279600
846    845.083520
847    845.992800
848    846.960960
849    848.000480
850    848.738720
851    849.932960
852    851.246480
853    852.320880
854    853.205480
855    854.231120
856    855.094760
857    856.255360
858    857.372960
859    858.324720
860    858.988640
861    860.059840
862    861.131440
863    862.183520
864    862.946640
865    864.205280
866    865.208720
867    866.013680
868    867.417880
869    868.352160
870    869.364480
871    870.401040
872    871.556680
873    872.506880
874    873.578280
875    874.712480
876    875.910600
877    877.246000
878    878.484880
879    879.361040
880    880.187280
881    881.731760
882    883.076280
883    884.087680
884    885.205600
885    886.041360
886    886.973600
887    887.777680
888    888.715080
889    889.842960
890    890.620320
891    891.743120
892    892.528120
893    893.536560
894    894.464520
895    895.519920
896    896.222320
897    897.092240
898    897.918280
899    899.126320
900    900.561240
901    901.460640
902    902.328080
903    903.087280
904    904.066600
905    905.189520
906    906.107400
907    906.778320
908    907.841520
909    908.727440
910    909.681000
911    910.776800
912    911.813240
913    912.846880
914    913.738360
915    915.252560
916    916.057160
917    917.144240
918    918.048040
919    919.169840
920    919.999680
921    921.070560
922    921.919560
923    923.178320
924    924.168120
925    925.186640
926    926.151720
927    927.383040
928    928.717760
929    929.804640
930    930.626640
931    931.740000
932    932.652840
933    933.724880
934    934.937080
935    936.337600
936    937.516120
937    938.351120
938    939.115080
939    939.950160
940    940.736040
941    941.422160
942    942.556720
943    943.875360
944    945.063080
945    946.142800
946    947.235840
947    948.166240
948    949.253920
949    950.326080
950    951.067600
951    951.919680
952    952.639480
953    953.385440
954    954.367240
955    955.322320
956    956.400800
957    957.657440
958    958.426840
959    959.524320
960    960.503080
961    961.833840
962    962.712440
963    963.576640
964    964.622080
965    965.255120
966    966.345160
967    967.293200
968    968.687200
969    969.360800
970    970.632640
971    971.772400
972    972.885640
973    973.963120
974    974.852920
975    976.173200
976    977.265080
977    978.036640
978    978.994160
979    980.036080
980    981.505320
981    982.636400
982    983.562960
983    984.452560
984    985.117120
985    985.970160
986    987.201600
987    988.279120
988    989.027040
989    989.773840
990    990.538640
991    991.294560
992    992.123400
993    993.129280
994    993.821680
995    994.875200
996    995.635760
997    996.919120
998    997.928920
999    999.190160

