0     2.04464     4.46351     4     10     0.0213579
0.01     2.08402     3.93852     4.04405     8.80642     0.0412155
0.02     2.11827     3.42453     4.07605     7.59039     0.0592464
0.03     2.14747     2.92076     4.09581     6.35908     0.0751636
0.04     2.17174     2.42618     4.10321     5.11976     0.0887199
0.05     2.19113     1.93954     4.0982     3.87974     0.0997086
0.06     2.20573     1.45947     4.08083     2.64632     0.107963
0.07     2.21557     0.984452     4.05118     1.42678     0.113354
0.08     2.2207     0.512903     4.00943     0.228308     0.115792
0.09     2.22113     0.0431783     3.95584     -0.942022     0.115225
0.1     2.21687     -0.426392     3.89071     -2.07731     0.111637
0.11     2.20789     -0.897481     3.81443     -3.17086     0.105049
0.12     2.19417     -1.37174     3.72745     -4.21623     0.0955224
0.13     2.17567     -1.85077     3.63029     -5.20725     0.0831546
0.14     2.15231     -2.33609     3.52351     -6.13808     0.0680847
0.15     2.12401     -2.82911     3.40774     -7.00322     0.0504933
0.16     2.0907     -3.3311     3.28368     -7.79758     0.0306044
0.17     2.05227     -3.84314     3.15204     -8.51647     0.0086867
0.18     2.00861     -4.36607     3.01361     -9.15566     -0.0149453
0.19     1.95961     -4.90042     2.86921     -9.71136     -0.0399321
0.2     1.90514     -5.44638     2.71968     -10.1803     -0.0658704
0.21     1.84511     -6.00371     2.5659     -10.5597     -0.0923172
0.22     1.77939     -6.57165     2.40879     -10.8474     -0.118797
0.23     1.7079     -7.14886     2.24926     -11.0416     -0.144809
0.24     1.63057     -7.73333     2.08827     -11.1413     -0.169844
0.25     1.54735     -8.32227     1.92676     -11.1457     -0.1934
0.26     1.45822     -8.91211     1.76567     -11.0549     -0.215002
0.27     1.36324     -9.49838     1.60597     -10.8695     -0.234229
0.28     1.26248     -10.0757     1.4486     -10.5904     -0.250736
0.29     1.1561     -10.6379     1.29447     -10.2194     -0.26428
0.3     1.04433     -11.1779     1.14451     -9.75872     -0.274745
0.31     0.927446     -11.688     0.999587     -9.21096     -0.282152
0.32     0.805845     -12.16     0.860567     -8.57939     -0.286665
0.33     0.679988     -12.5857     0.728266     -7.86775     -0.288582
0.34     0.550422     -12.9567     0.603465     -7.08022     -0.288314
0.35     0.417769     -13.2653     0.486899     -6.22145     -0.286343
0.36     0.282723     -13.5046     0.379256     -5.29652     -0.283176
0.37     0.14603     -13.6692     0.281171     -4.31086     -0.279287
0.38     0.00847961     -13.7551     0.193222     -3.27029     -0.275071
0.39     -0.129121     -13.7601     0.115928     -2.18096     -0.270791
0.4     -0.265962     -13.6841     0.0497444     -1.04927     -0.266558
0.41     -0.401253     -13.529     -0.00493838     0.118084     -0.262321
0.42     -0.534239     -13.2986     -0.0477979     1.31423     -0.257885
0.43     -0.664221     -12.9982     -0.0785813     2.53211     -0.252939
0.44     -0.790565     -12.6345     -0.0971072     3.76454     -0.247108
0.45     -0.912717     -12.2151     -0.103266     5.00426     -0.240001
0.46     -1.0302     -11.7483     -0.097022     6.24396     -0.23126
0.47     -1.14263     -11.2425     -0.0784114     7.47632     -0.2206
0.48     -1.24968     -10.7057     -0.0475443     8.69407     -0.207841
0.49     -1.35114     -10.1459     -0.0046026     9.89004     -0.192917
0.5     -1.44684     -9.57008     0.0501604     11.0572     -0.175885
0.51     -1.53669     -8.9846     0.116422     12.1886     -0.156911
0.52     -1.62064     -8.39495     0.193791     13.2776     -0.136258
0.53     -1.69869     -7.80568     0.281811     14.3178     -0.114265
0.54     -1.7709     -7.2205     0.379964     15.3031     -0.0913234
0.55     -1.83732     -6.64227     0.487671     16.2276     -0.0678577
0.56     -1.89805     -6.0731     0.604295     17.0859     -0.0443054
0.57     -1.9532     -5.51441     0.729151     17.8729     -0.0211013
0.58     -2.00287     -4.96703     0.8615     18.584     0.00133568
0.59     -2.04718     -4.43125     1.00056     19.215     0.0226123
0.6     -2.08625     -3.90694     1.14552     19.7622     0.0423677
0.61     -2.12019     -3.3936     1.29552     20.2223     0.0602779
0.62     -2.14909     -2.89042     1.44967     20.5927     0.0760581
0.63     -2.17305     -2.39636     1.60706     20.8711     0.0894637
0.64     -2.19215     -1.91016     1.76678     21.0559     0.10029
0.65     -2.20646     -1.43044     1.92787     21.146     0.108373
0.66     -2.21602     -0.955681     2.08938     21.1409     0.113587
0.67     -2.22086     -0.48429     2.25037     21.0406     0.115844
0.68     -2.22101     -0.0146234     2.40988     20.8458     0.115093
0.69     -2.21646     0.454991     2.56697     20.5574     0.111321
0.7     -2.20719     0.926226     2.72072     20.1774     0.104553
0.71     -2.19319     1.40073     2.87022     19.7078     0.0948499
0.72     -2.17438     1.8801     3.01459     19.1515     0.0823134
0.73     -2.15073     2.36585     3.15297     18.5118     0.0670845
0.74     -2.12213     2.85938     3.28456     17.7924     0.0493464
0.75     -2.08851     3.36196     3.40857     16.9975     0.0293259
0.76     -2.04977     3.87464     3.52427     16.1319     0.00729455
0.77     -2.00578     4.39825     3.63099     15.2006     -0.0164306
0.78     -1.95645     4.9333     3.72808     14.2092     -0.0414872
0.79     -1.90165     5.47997     3.81499     13.1635     -0.0674695
0.8     -1.84127     6.03797     3.89119     12.0696     -0.0939322
0.81     -1.77521     6.60652     3.95624     10.9341     -0.120398
0.82     -1.70336     7.18424     4.00976     9.76354     -0.146365
0.83     -1.62567     7.76906     4.05142     8.56491     -0.171324
0.84     -1.54209     8.35817     4.08099     7.34525     -0.194775
0.85     -1.45261     8.94793     4.09828     6.11176     -0.216244
0.86     -1.35727     9.53381     4.1032     4.87171     -0.235314
0.87     -1.25617     10.1104     4.09572     3.63242     -0.251646
0.88     -1.14946     10.6715     4.07588     2.4012     -0.265005
0.89     -1.03736     11.2099     4.04379     1.1853     -0.275282
0.9     -0.920178     11.7179     3.99966     -0.00810858     -0.282507
0.91     -0.798305     12.1873     3.94373     -1.17198     -0.286852
0.92     -0.672206     12.6099     3.87634     -2.29945     -0.288624
0.93     -0.542433     12.9773     3.79788     -3.38388     -0.288238
0.94     -0.409614     13.2819     3.70883     -4.41887     -0.28618
0.95     -0.274446     13.5168     3.60969     -5.39831     -0.282955
0.96     -0.137679     13.6767     3.50106     -6.31644     -0.279037
0.97     -0.00010154     13.7577     3.38358     -7.16783     -0.27481
0.98     0.137476     13.7578     3.25795     -7.94746     -0.270532
0.99     0.274245     13.6769     3.12489     -8.65074     -0.266302
1     0.409416     13.5171     2.9852     -9.27353     -0.26206
1.01     0.542239     13.2823     2.8397     -9.81214     -0.257602
1.02     0.672017     12.9778     2.68925     -10.2634     -0.252614
1.03     0.798122     12.6105     2.53473     -10.6246     -0.246716
1.04     0.920002     12.188     2.37706     -10.8938     -0.23952
1.05     1.03719     11.7186     2.21717     -11.0691     -0.230669
1.06     1.14929     11.2106     2.056     -11.1498     -0.219885
1.07     1.25602     10.6723     1.89449     -11.1352     -0.206995
1.08     1.35713     10.1113     1.73361     -11.0254     -0.19194
1.09     1.45248     9.53467     1.5743     -10.8211     -0.174783
1.1     1.54196     8.9488     1.4175     -10.5236     -0.155699
1.11     1.62555     8.35904     1.26413     -10.1344     -0.134955
1.12     1.70325     7.76993     1.11511     -9.65609     -0.112892
1.13     1.7751     7.1851     0.971299     -9.0913     -0.0899064
1.14     1.84118     6.60737     0.833558     -8.44341     -0.0664228
1.15     1.90157     6.0388     0.702695     -7.71625     -0.0428794
1.16     1.95637     5.48078     0.579483     -6.9141     -0.0197102
1.17     2.00572     4.9341     0.464647     -6.04169     0.00266706
1.18     2.04971     4.39903     0.358866     -5.10416     0.0238611
1.19     2.08846     3.8754     0.262763     -4.10705     0.0435131
1.2     2.12209     3.36271     0.176904     -3.05624     0.0613014
1.21     2.15069     2.86012     0.101796     -1.95791     0.0769437
1.22     2.17435     2.36657     0.0378826     -0.818559     0.0901979
1.23     2.19316     1.88081     -0.0144604     0.355108     0.100862
1.24     2.20718     1.40143     -0.0549239     1.55617     0.108774
1.25     2.21645     0.926923     -0.0832693     2.77753     0.11381
1.26     2.221     0.455685     -0.0993295     4.01201     0.115884
1.27     2.22086     -0.0139313     -0.10301     5.25231     0.11495
1.28     2.21603     -0.483597     -0.0942883     6.49112     0.110995
1.29     2.20648     -0.954984     -0.0732166     7.72114     0.104046
1.3     2.19218     -1.42974     -0.039919     8.93511     0.0941669
1.31     2.17309     -1.90945     0.00540824     10.1259     0.0814622
1.32     2.14913     -2.39564     0.0624978     11.2864     0.0660749
1.33     2.12023     -2.88969     0.131013     12.4099     0.0481911
1.34     2.0863     -3.39285     0.21055     13.4897     0.0280401
1.35     2.04724     -3.90618     0.300639     14.5194     0.00589612
1.36     2.00294     -4.43047     0.40075     15.4929     -0.0179209
1.37     1.95327     -4.96623     0.510291     16.4046     -0.0430458
1.38     1.89814     -5.5136     0.628618     17.2491     -0.0690704
1.39     1.83742     -6.07227     0.755032     18.0213     -0.0955472
1.4     1.771     -6.64142     0.888787     18.7167     -0.121997
1.41     1.69881     -7.21964     1.0291     19.3312     -0.147917
1.42     1.62076     -7.80481     1.17513     19.8612     -0.172799
1.43     1.53682     -8.39408     1.32603     20.3036     -0.196142
1.44     1.44698     -8.98373     1.4809     20.6557     -0.217476
1.45     1.35129     -9.56922     1.63883     20.9155     -0.236389
1.46     1.24984     -10.1451     1.7989     21.0815     -0.252546
1.47     1.14279     -10.7049     1.96015     21.1526     -0.265719
1.48     1.03037     -11.2417     2.12163     21.1285     -0.275808
1.49     0.912894     -11.7476     2.2824     21.0092     -0.282851
1.5     0.790749     -12.2145     2.4415     20.7956     -0.28703
1.51     0.66441     -12.6339     2.598     20.4887     -0.288657
1.52     0.534433     -12.9977     2.75097     20.0906     -0.288155
1.53     0.401451     -13.2982     2.89952     19.6035     -0.286012
1.54     0.266163     -13.5288     3.04275     19.0302     -0.282732
1.55     0.129324     -13.6839     3.17984     18.3742     -0.278785
1.56     -0.00827653     -13.76     3.30998     17.6394     -0.27455
1.57     -0.145828     -13.7551     3.43238     16.83     -0.270273
1.58     -0.282522     -13.6694     3.54634     15.9508     -0.266045
1.59     -0.417572     -13.5049     3.65118     15.0071     -0.261797
1.6     -0.550228     -13.2657     3.74629     14.0043     -0.257317
1.61     -0.6798     -12.9572     3.83109     12.9485     -0.252285
1.62     -0.805662     -12.5863     3.9051     11.8458     -0.24632
1.63     -0.92727     -12.1607     3.96787     10.7027     -0.239032
1.64     -1.04416     -11.6887     4.01904     9.52597     -0.23007
1.65     -1.15594     -11.1787     4.05831     8.32256     -0.219163
1.66     -1.26233     -10.6387     4.08543     7.09955     -0.206141
1.67     -1.3631     -10.0766     4.10026     5.86417     -0.190955
1.68     -1.45809     -9.49924     4.1027     4.62369     -0.173675
1.69     -1.54722     -8.91298     4.09274     3.38543     -0.154481
1.7     -1.63045     -8.32314     4.07044     2.15669     -0.133646
1.71     -1.70779     -7.73419     4.03593     0.944714     -0.111516
1.72     -1.77929     -7.14972     3.98941     -0.243344     -0.0884876
1.73     -1.84501     -6.5725     3.93116     -1.40048     -0.0649878
1.74     -1.90506     -6.00454     3.86153     -2.51988     -0.0414548
1.75     -1.95953     -5.4472     3.78091     -3.59492     -0.0183221
1.76     -2.00854     -4.90122     3.6898     -4.61929     0.00399405
1.77     -2.05221     -4.36685     3.58872     -5.58692     0.0251041
1.78     -2.09065     -3.84391     3.47827     -6.49213     0.0446516
1.79     -2.12397     -3.33185     3.3591     -7.32956     0.062317
1.8     -2.15227     -2.82984     3.23192     -8.09429     0.0778205
1.81     -2.17564     -2.33681     3.09747     -8.7818     0.0909225
1.82     -2.19415     -1.85148     2.95655     -9.38803     0.101423
1.83     -2.20788     -1.37244     2.80999     -9.90942     0.109163
1.84     -2.21686     -0.898177     2.65866     -10.3429     0.114021
1.85     -2.22113     -0.427085     2.50344     -10.6859     0.115914
1.86     -2.2207     0.0424862     2.34525     -10.9364     0.114795
1.87     -2.21558     0.512209     2.18502     -11.0929     0.110657
1.88     -2.20574     0.983754     2.02371     -11.1545     0.103527
1.89     -2.19116     1.45877     1.86225     -11.1208     0.0934735
1.9     -2.17177     1.93883     1.70161     -10.9921     0.080601
1.91     -2.14751     2.42545     1.54272     -10.7691     0.0650562
1.92     -2.11831     2.92003     1.38654     -10.453     0.0470274
1.93     -2.08407     3.42378     1.23397     -10.0459     0.0267468
1.94     -2.0447     3.93775     1.08592     -9.55     0.00449148
1.95     -2.00007     4.46273     0.943254     -8.96832     -0.019416
1.96     -1.95008     4.9992     0.806824     -8.30427     -0.0446077
1.97     -1.89461     5.54727     0.67743     -7.56175     -0.0706729
1.98     -1.83354     6.10661     0.555835     -6.74517     -0.0971621
1.99     -1.76678     6.67636     0.442757     -5.85932     -0.123594
2     -1.69422     7.25507     0.338863     -4.90943     -0.149466
2.01     -1.61582     7.84058     0.244764     -3.9011     -0.174268
2.02     -1.53152     8.42998     0.161016     -2.84028     -0.197502
2.03     -1.44132     9.01952     0.0881122     -1.73323     -0.2187
2.04     -1.34528     9.60459     0.0264834     -0.586474     -0.237453
2.05     -1.24348     10.1796     -0.0235074     0.593228     -0.253434
2.06     -1.1361     10.7383     -0.0615654     1.79892     -0.266421
2.07     -1.02336     11.2735     -0.0874662     3.02348     -0.276322
2.08     -0.905592     11.7772     -0.101057     4.25971     -0.283185
2.09     -0.783177     12.2414     -0.102257     5.50029     -0.287198
2.1     -0.6566     12.6577     -0.0910609     6.73793     -0.288683
2.11     -0.526422     13.0179     -0.067533     7.96532     -0.288067
2.12     -0.393279     13.3143     -0.0318128     9.17522     -0.28584
2.13     -0.257875     13.5404     0.0158893     10.3605     -0.282507
2.14     -0.120966     13.6909     0.0752919     11.5142     -0.278533
2.15     0.0166544     13.7621     0.146045     12.6294     -0.274289
2.16     0.154177     13.7522     0.22773     13.6997     -0.270014
2.17     0.290793     13.6616     0.319867     14.7186     -0.265789
2.18     0.425718     13.4925     0.421912     15.6803     -0.261534
2.19     0.558206     13.2488     0.533263     16.579     -0.257031
2.2     0.687569     12.9363     0.653264     17.4093     -0.251953
2.21     0.813187     12.5619     0.781206     18.1665     -0.245918
2.22     0.93452     12.1332     0.916336     18.8461     -0.238538
2.23     1.05111     11.6587     1.05786     19.444     -0.229465
2.24     1.16257     11.1466     1.20493     19.9567     -0.218432
2.25     1.26862     10.6051     1.3567     20.3813     -0.205278
2.26     1.36904     10.0418     1.51226     20.7151     -0.189962
2.27     1.46368     9.46377     1.67069     20.9562     -0.17256
2.28     1.55245     8.87715     1.83107     21.1033     -0.153258
2.29     1.63532     8.28725     1.99244     21.1554     -0.132333
2.3     1.71231     7.69848     2.15386     21.1122     -0.110137
2.31     1.78345     7.11437     2.31437     20.974     -0.087067
2.32     1.84883     6.53766     2.47302     20.7416     -0.0635526
2.33     1.90853     5.97032     2.62889     20.4164     -0.0400318
2.34     1.96267     5.41365     2.78105     20.0003     -0.0169371
2.35     2.01135     4.86838     2.9286     19.4957     0.00531657
2.36     2.0547     4.33471     3.07068     18.9056     0.0263414
2.37     2.09282     3.81245     3.20644     18.2335     0.0457831
2.38     2.12583     3.30103     3.33509     17.4834     0.0633246
2.39     2.15383     2.7996     3.45586     16.6597     0.0786884
2.4     2.1769     2.30707     3.56805     15.7672     0.0916374
2.41     2.19512     1.82217     3.67099     14.8112     0.101974
2.42     2.20856     1.34347     3.76408     13.7973     0.109542
2.43     2.21725     0.869443     3.84677     12.7316     0.114222
2.44     2.22124     0.398491     3.91856     11.6203     0.115932
2.45     2.22053     -0.0710417     3.97904     10.4699     0.11463
2.46     2.21512     -0.540828     4.02785     9.28732     0.110308
2.47     2.20499     -1.01254     4.0647     8.07942     0.102998
2.48     2.19011     -1.48781     4.08938     6.85336     0.0927696
2.49     2.17043     -1.96823     4.10173     5.61638     0.0797299
2.5     2.14588     -2.4553     4.1017     4.37575     0.0640282
2.51     2.11637     -2.9504     4.08926     3.13881     0.0458553
2.52     2.08183     -3.45475     4.06451     1.91285     0.0254462
2.53     2.04213     -3.96937     4.02758     0.705089     0.00308071
2.54     1.99718     -4.49504     3.97869     -0.477344     -0.0209158
2.55     1.94686     -5.03221     3.91814     -1.62748     -0.0461728
2.56     1.89105     -5.58098     3.84628     -2.73852     -0.0722771
2.57     1.82964     -6.14098     3.76352     -3.80394     -0.0987768
2.58     1.76253     -6.71133     3.67037     -4.81744     -0.125189
2.59     1.68962     -7.29052     3.56737     -5.77304     -0.15101
2.6     1.61086     -7.87636     3.45512     -6.66511     -0.175731
2.61     1.5262     -8.46588     3.33429     -7.48839     -0.198854
2.62     1.43565     -9.0553     3.2056     -8.23803     -0.219915
2.63     1.33925     -9.63992     3.06979     -8.9096     -0.238508
2.64     1.23711     -10.2142     2.92768     -9.49914     -0.254311
2.65     1.12939     -10.7716     2.7801     -10.0032     -0.267112
2.66     1.01634     -11.3051     2.62791     -10.4188     -0.276826
2.67     0.898272     -11.8067     2.47202     -10.7434     -0.283507
2.68     0.77559     -12.2682     2.31335     -10.9752     -0.287356
2.69     0.648777     -12.6813     2.15283     -11.1128     -0.288701
2.7     0.518399     -13.0378     1.99141     -11.1554     -0.287972
2.71     0.385098     -13.3301     1.83004     -11.1027     -0.285663
2.72     0.249581     -13.5518     1.66968     -10.955     -0.282279
2.73     0.112606     -13.6975     1.51126     -10.7133     -0.278279
2.74     -0.0250319     -13.7638     1.35572     -10.3789     -0.274028
2.75     -0.162522     -13.749     1.20398     -9.95376     -0.269756
2.76     -0.299058     -13.6535     1.05694     -9.44048     -0.265532
2.77     -0.433855     -13.4797     0.915457     -8.84205     -0.26127
2.78     -0.566172     -13.2317     0.780371     -8.16198     -0.256742
2.79     -0.695324     -12.9152     0.652476     -7.4043     -0.251617
2.8     -0.820696     -12.5372     0.532529     -6.57347     -0.245511
2.81     -0.941752     -12.1056     0.421235     -5.67439     -0.238037
2.82     -1.05804     -11.6285     0.319251     -4.71236     -0.228852
2.83     -1.16918     -11.1144     0.227179     -3.69305     -0.217693
2.84     -1.2749     -10.5713     0.145561     -2.62248     -0.204408
2.85     -1.37497     -10.007     0.0748787     -1.50696     -0.188962
2.86     -1.46925     -9.42827     0.0155494     -0.353073     -0.171437
2.87     -1.55766     -8.84131     -0.0320775     0.832386     -0.152028
2.88     -1.64017     -8.25136     -0.067721     2.04242     -0.131015
2.89     -1.7168     -7.66278     -0.0911709     3.2699     -0.108754
2.9     -1.78759     -7.07905     -0.102289     4.50758     -0.0856447
2.91     -1.85262     -6.50286     -0.10101     5.74816     -0.0621174
2.92     -1.91198     -5.93614     -0.0873405     6.98433     -0.0386103
2.93     -1.96578     -5.38015     -0.061362     8.2088     -0.0155551
2.94     -2.01414     -4.83558     -0.0232275     9.41435     0.00663452
2.95     -2.05717     -4.30262     0.0268381     10.5939     0.0275728
2.96     -2.09498     -3.78104     0.0885397     11.7404     0.0469076
2.97     -2.12768     -3.27025     0.161513     12.8472     0.0643241
2.98     -2.15537     -2.7694     0.245329     13.9077     0.0795474
2.99     -2.17815     -2.27737     0.339492     14.9156     0.0923427
3     -2.19608     -1.79288     0.443447     15.8651     0.102515
3.01     -2.20922     -1.31451     0.556581     16.7506     0.10991
3.02     -2.21763     -0.84072     0.678227     17.5667     0.114411
3.03     -2.22133     -0.369902     0.807668     18.3087     0.115939
3.04     -2.22033     0.0995981     0.94414     18.9723     0.114453
3.05     -2.21464     0.569454     1.08684     19.5534     0.109948
3.06     -2.20422     1.04133     1.23492     20.0487     0.102459
3.07     -2.18905     1.51688     1.38752     20.4553     0.0920553
3.08     -2.16908     1.99766     1.54373     20.7708     0.078849
3.09     -2.14423     2.48518     1.70262     20.9932     0.062991
3.1     -2.11442     2.98081     1.86327     21.1213     0.044675
3.11     -2.07956     3.48575     2.02473     21.1544     0.0241384
3.12     -2.03955     4.00103     2.18604     21.0922     0.0016639
3.13     -1.99428     4.52739     2.34626     20.9351     -0.0224203
3.14     -1.94362     5.06527     2.50443     20.684     -0.0477411
3.15     -1.88748     5.61474     2.65963     20.3404     -0.0738827
3.16     -1.82572     6.1754     2.81094     19.9064     -0.100391
3.17     -1.75826     6.74633     2.95747     19.3844     -0.126782
3.18     -1.685     7.32599     3.09835     18.7777     -0.152551
3.19     -1.60588     7.91215     3.23275     18.0897     -0.177189
3.2     -1.52086     8.50179     3.35988     17.3245     -0.200199
3.21     -1.42995     9.09105     3.479     16.4866     -0.22112
3.22     -1.3332     9.67521     3.58939     15.581     -0.239551
3.23     -1.23071     10.2486     3.69041     14.613     -0.255177
3.24     -1.12266     10.8048     3.78146     13.5883     -0.267791
3.25     -1.0093     11.3366     3.862     12.5129     -0.277317
3.26     -0.890936     11.836     3.93157     11.3933     -0.28382
3.27     -0.767988     12.2948     3.98974     10.2359     -0.287506
3.28     -0.640941     12.7047     4.03618     9.04766     -0.288711
3.29     -0.510366     13.0575     4.07062     7.83556     -0.287872
3.3     -0.37691     13.3457     4.09284     6.60674     -0.285483
3.31     -0.241281     13.5628     4.10272     5.36844     -0.282049
3.32     -0.104243     13.7038     4.1002     4.12797     -0.278025
3.33     0.0334089     13.7652     4.0853     2.89264     -0.273767
3.34     0.170864     13.7455     4.05809     1.66974     -0.269498
3.35     0.307316     13.6452     4.01876     0.466476     -0.265276
3.36     0.441983     13.4667     3.96751     -0.710052     -0.261005
3.37     0.574126     13.2143     3.90467     -1.85291     -0.256451
3.38     0.703065     12.8939     3.83059     -2.95535     -0.251277
3.39     0.82819     12.5124     3.74572     -4.01088     -0.245099
3.4     0.948967     12.0778     3.65055     -5.01327     -0.23753
3.41     1.06495     11.5982     3.54565     -5.95661     -0.228231
3.42     1.17577     11.0821     3.43163     -6.83534     -0.216947
3.43     1.28115     10.5375     3.30917     -7.64428     -0.20353
3.44     1.38087     9.97212     3.179     -8.37865     -0.187953
3.45     1.47479     9.39273     3.04186     -9.03412     -0.170308
3.46     1.56285     8.80545     2.89859     -9.60684     -0.150792
3.47     1.645     8.21547     2.75001     -10.0934     -0.129693
3.48     1.72127     7.62709     2.59702     -10.491     -0.107368
3.49     1.79171     7.04376     2.4405     -10.7972     -0.0842209
3.5     1.85639     6.4681     2.28138     -11.0103     -0.0606823
3.51     1.91541     5.902     2.12061     -11.1289     -0.0371904
3.52     1.96888     5.34669     1.95912     -11.1524     -0.0141764
3.53     2.01691     4.80282     1.79788     -11.0807     0.00794784
3.54     2.05961     4.27056     1.63782     -10.9142     0.0287983
3.55     2.09711     3.74966     1.47991     -10.6538     0.0480249
3.56     2.12951     3.23951     1.32506     -10.3011     0.0653155
3.57     2.1569     2.73922     1.17419     -9.85812     0.0803973
3.58     2.17938     2.24769     1.02819     -9.32756     0.0930383
3.59     2.19701     1.76362     0.887917     -8.71251     0.103046
3.6     2.20987     1.28557     0.754205     -8.0166     0.110268
3.61     2.21799     0.812009     0.627841     -7.24392     0.11459
3.62     2.2214     0.341318     0.509568     -6.39904     0.115935
3.63     2.22012     -0.128156     0.400084     -5.48694     0.114265
3.64     2.21414     -0.598087     0.300035     -4.51299     0.109577
3.65     2.20344     -1.07014     0.210011     -3.48295     0.101908
3.66     2.18798     -1.54596     0.130543     -2.40288     0.0913306
3.67     2.16771     -2.02711     0.0620991     -1.27916     0.0779583
3.68     2.14255     -2.51509     0.00508319     -0.118409     0.0619448
3.69     2.11244     -3.01125     -0.0401685     1.07253     0.0434864
3.7     2.07727     -3.5168     -0.0733891     2.28662     0.0228234
3.71     2.03695     -4.03273     -0.0943827     3.51672     0.000241108
3.72     1.99135     -4.55978     -0.103025     4.75557     -0.0239295
3.73     1.94037     -5.09837     -0.0992665     5.99585     -0.0493125
3.74     1.88388     -5.64853     -0.083128     7.23026     -0.0754897
3.75     1.82178     -6.20985     -0.0547051     8.45153     -0.102005
3.76     1.75397     -6.78137     -0.0141654     9.65243     -0.128373
3.77     1.68035     -7.3615     0.0382521     10.8259     -0.154087
3.78     1.60087     -7.94796     0.102238     11.965     -0.17864
3.79     1.5155     -8.53769     0.177416     13.0631     -0.201535
3.8     1.42423     -9.12679     0.263341     14.1136     -0.222316
3.81     1.32712     -9.71046     0.359508     15.1103     -0.240585
3.82     1.22429     -10.283     0.465348     16.0474     -0.256032
3.83     1.11591     -10.838     0.580239     16.9194     -0.268459
3.84     1.00223     -11.368     0.703502     17.7211     -0.277798
3.85     0.883583     -11.8652     0.834411     18.4478     -0.284122
3.86     0.76037     -12.3212     0.972193     19.0951     -0.287646
3.87     0.633092     -12.7279     1.11604     19.6594     -0.288713
3.88     0.502323     -13.0769     1.26509     20.1372     -0.287765
3.89     0.368713     -13.361     1.41848     20.5257     -0.285299
3.9     0.232977     -13.5736     1.5753     20.8227     -0.281817
3.91     0.0958781     -13.7098     1.73463     21.0264     -0.277769
3.92     -0.0417852     -13.7663     1.89552     21.1355     -0.273507
3.93     -0.179202     -13.7417     2.05702     21.1496     -0.26924
3.94     -0.315567     -13.6365     2.21819     21.0683     -0.265019
3.95     -0.450101     -13.4534     2.37807     20.8923     -0.260739
3.96     -0.582068     -13.1967     2.53572     20.6226     -0.256157
3.97     -0.710792     -12.8724     2.69022     20.2608     -0.250934
3.98     -0.835666     -12.4874     2.84064     19.809     -0.244682
3.99     -0.956165     -12.0498     2.98611     19.2698     -0.237017
4     -1.07184     -11.5678     3.12576     18.6465     -0.227603
4.01     -1.18234     -11.0497     3.25877     17.9427     -0.216192
4.02     -1.28738     -10.5037     3.38436     17.1626     -0.202644
4.03     -1.38675     -9.93721     3.50178     16.3108     -0.186938
4.04     -1.48032     -9.35717     3.61035     15.3923     -0.169172
4.05     -1.56802     -8.76959     3.70942     14.4125     -0.14955
4.06     -1.64981     -8.17959     3.79841     13.3771     -0.128366
4.07     -1.72573     -7.59143     3.8768     12.2924     -0.105979
4.08     -1.79581     -7.0085     3.94412     11.1647     -0.0827956
4.09     -1.86014     -6.43337     3.99997     10.0006     -0.0592474
4.1     -1.91882     -5.8679     4.04403     8.80705     -0.0357724
4.11     -1.97196     -5.31327     4.07604     7.59103     -0.012801
4.12     -2.01966     -4.77011     4.0958     6.35973     0.00925643
4.13     -2.06204     -4.23855     4.10321     5.12042     0.0300177
4.14     -2.09923     -3.71832     4.09821     3.88039     0.0491351
4.15     -2.13131     -3.2088     4.08084     2.64696     0.0662987
4.16     -2.15841     -2.70908     4.05119     1.42741     0.0812383
4.17     -2.18059     -2.21804     4.00946     0.228932     0.0937241
4.18     -2.19793     -1.73438     3.95587     -0.941414     0.103566
4.19     -2.2105     -1.25665     3.89074     -2.07672     0.110615
4.2     -2.21833     -0.783307     3.81447     -3.1703     0.114757
4.21     -2.22146     -0.312738     3.7275     -4.2157     0.11592
4.22     -2.21989     0.156715     3.63034     -5.20674     0.114066
4.23     -2.21362     0.626728     3.52357     -6.1376     0.109195
4.24     -2.20263     1.09897     3.40781     -7.00278     0.101347
4.25     -2.18688     1.57506     3.28375     -7.79718     0.0905956
4.26     -2.16632     2.05659     3.15211     -8.51611     0.0770577
4.27     -2.14087     2.54503     3.01369     -9.15534     0.0608894
4.28     -2.11045     3.04173     2.86929     -9.71109     0.0422896
4.29     -2.07497     3.54788     2.71976     -10.1801     0.0215013
4.3     -2.03432     4.06447     2.56598     -10.5596     -0.00118757
4.31     -1.9884     4.59221     2.40887     -10.8473     -0.0254431
4.32     -1.93709     5.13151     2.24935     -11.0416     -0.0508868
4.33     -1.88026     5.68237     2.08835     -11.1412     -0.0770979
4.34     -1.81782     6.24434     1.92684     -11.1457     -0.103618
4.35     -1.74966     6.81643     1.76576     -11.055     -0.129961
4.36     -1.67569     7.39702     1.60606     -10.8696     -0.155619
4.37     -1.59585     7.98378     1.44868     -10.5906     -0.180085
4.38     -1.51011     8.57359     1.29455     -10.2197     -0.202864
4.39     -1.41849     9.16251     1.14458     -9.75898     -0.223503
4.4     -1.32103     9.74568     0.999662     -9.21127     -0.241608
4.41     -1.21786     10.3174     0.860638     -8.57974     -0.256876
4.42     -1.10915     10.871     0.728334     -7.86814     -0.269116
4.43     -0.995154     11.3992     0.603528     -7.08065     -0.278267
4.44     -0.876213     11.8942     0.486958     -6.22192     -0.284413
4.45     -0.752738     12.3475     0.379311     -5.29702     -0.287777
4.46     -0.62523     12.7508     0.28122     -4.31139     -0.288709
4.47     -0.494268     13.0961     0.193266     -3.27085     -0.287654
4.48     -0.360508     13.376     0.115966     -2.18154     -0.285111
4.49     -0.224667     13.5841     0.0497763     -1.04988     -0.281583
4.5     -0.087511     13.7156     -0.00491269     0.117461     -0.277513
4.51     0.0501605     13.7671     -0.0477785     1.31359     -0.273246
4.52     0.187536     13.7376     -0.0785683     2.53146     -0.268982
4.53     0.323812     13.6276     -0.0971007     3.76389     -0.264762
4.54     0.45821     13.4398     -0.103266     5.00361     -0.260472
4.55     0.589999     13.1789     -0.0970285     6.24331     -0.255862
4.56     0.718505     12.8506     -0.0784245     7.47567     -0.250587
4.57     0.843127     12.4622     -0.0475637     8.69344     -0.24426
4.58     0.963344     12.0217     -0.00462834     9.88942     -0.236497
4.59     1.07872     11.5372     0.0501286     11.0566     -0.226968
4.6     1.18889     11.0172     0.116384     12.188     -0.21543
4.61     1.29359     10.4697     0.193747     13.2771     -0.201749
4.62     1.39261     9.90224     0.281762     14.3173     -0.185914
4.63     1.48582     9.32159     0.37991     15.3026     -0.168028
4.64     1.57316     8.73372     0.487612     16.2271     -0.148303
4.65     1.6546     8.14372     0.604232     17.0854     -0.127034
4.66     1.73016     7.55579     0.729083     17.8725     -0.104587
4.67     1.79989     6.97326     0.861429     18.5837     -0.081369
4.68     1.86388     6.39868     1.00049     19.2147     -0.0578127
4.69     1.92221     5.83384     1.14544     19.7619     -0.0343562
4.7     1.97501     5.27989     1.29544     20.2221     -0.0114289
4.71     2.02239     4.73744     1.44959     20.5925     0.0105602
4.72     2.06445     4.20659     1.60698     20.8709     0.031231
4.73     2.10132     3.68703     1.76669     21.0558     0.050238
4.74     2.1331     3.17813     1.92778     21.146     0.0672736
4.75     2.15989     2.67897     2.08929     21.1409     0.0820701
4.76     2.18178     2.18842     2.25028     21.0407     0.0944001
4.77     2.19883     1.70516     2.40979     20.8459     0.104076
4.78     2.21111     1.22774     2.56689     20.5576     0.110951
4.79     2.21865     0.754617     2.72064     20.1776     0.114913
4.8     2.2215     0.284163     2.87014     19.7081     0.115893
4.81     2.21964     -0.185277     3.01451     19.1519     0.113855
4.82     2.21309     -0.655378     3.1529     18.5122     0.108802
4.83     2.20181     -1.12781     3.28449     17.7928     0.100775
4.84     2.18577     -1.60419     3.4085     16.9979     0.0898502
4.85     2.16491     -2.08609     3.52421     16.1324     0.0761474
4.86     2.13916     -2.575     3.63093     15.2011     0.0598251
4.87     2.10844     -3.07224     3.72804     14.2098     0.0410848
4.88     2.07265     -3.579     3.81495     13.1641     0.0201721
4.89     2.03168     -4.09625     3.89116     12.0702     -0.00262207
4.9     1.98544     -4.62469     3.95621     10.9347     -0.0269611
4.91     1.93379     -5.16469     4.00973     9.76417     -0.0524639
4.92     1.87663     -5.71625     4.0514     8.56554     -0.0787073
4.93     1.81384     -6.27887     4.08097     7.34589     -0.105231
4.94     1.74532     -6.85153     4.09827     6.11241     -0.131547
4.95     1.671     -7.43257     4.1032     4.87236     -0.157147
4.96     1.5908     -8.01961     4.09572     3.63307     -0.181524
4.97     1.50471     -8.60949     4.07589     2.40184     -0.204186
4.98     1.41272     -9.1982     4.04381     1.18593     -0.22468
4.99     1.31492     -9.78085     3.99968     -0.00748763     -0.24262
5     1.2114     -10.3516     3.94376     -1.17138     -0.257708
5.01     1.10236     -10.9039     3.87638     -2.29887     -0.26976
5.02     0.988056     -11.4304     3.79793     -3.38332     -0.278725
5.03     0.868826     -11.923     3.70887     -4.41834     -0.284694
5.04     0.74509     -12.3735     3.60975     -5.39781     -0.287899
5.05     0.617355     -12.7736     3.50112     -6.31597     -0.288696
5.06     0.486204     -13.1151     3.38365     -7.1674     -0.287536
5.07     0.352296     -13.3908     3.25801     -7.94707     -0.28492
5.08     0.216352     -13.5944     3.12496     -8.65039     -0.281346
5.09     0.079142     -13.721     2.98527     -9.27322     -0.277256
5.1     -0.0585347     -13.7677     2.83978     -9.81188     -0.272985
5.11     -0.195866     -13.7332     2.68933     -10.2632     -0.268724
5.12     -0.33205     -13.6183     2.53481     -10.6245     -0.264505
5.13     -0.46631     -13.426     2.37715     -10.8936     -0.260204
5.14     -0.597917     -13.1607     2.21725     -11.0691     -0.255564
5.15     -0.726203     -12.8286     2.05608     -11.1498     -0.250236
5.16     -0.850572     -12.4368     1.89458     -11.1352     -0.243832
5.17     -0.970505     -11.9934     1.73369     -11.0255     -0.235971
5.18     -1.08557     -11.5065     1.57438     -10.8213     -0.226326
5.19     -1.19542     -10.9846     1.41758     -10.5237     -0.214659
5.2     -1.29977     -10.4357     1.26421     -10.1347     -0.200847
5.21     -1.39845     -9.86723     1.11518     -9.65636     -0.184883
5.22     -1.49131     -9.28597     0.971373     -9.09162     -0.166878
5.23     -1.57828     -8.69784     0.833628     -8.44377     -0.147049
5.24     -1.65936     -8.10785     0.702762     -7.71665     -0.125698
5.25     -1.73456     -7.52016     0.579545     -6.91454     -0.103192
5.26     -1.80394     -6.93806     0.464705     -6.04216     -0.0799411
5.27     -1.86758     -6.36402     0.358919     -5.10467     -0.0563784
5.28     -1.92558     -5.79982     0.262811     -4.10759     -0.032942
5.29     -1.97805     -5.24656     0.176947     -3.0568     -0.0100604
5.3     -2.0251     -4.70482     0.101833     -1.9585     0.0118591
5.31     -2.06684     -4.17466     0.0379133     -0.819168     0.0324382
5.32     -2.1034     -3.65577     -0.0144359     0.354483     0.0513336
5.33     -2.13488     -3.14749     -0.0549058     1.55553     0.0682402
5.34     -2.16136     -2.6489     -0.0832576     2.77689     0.0828928
5.35     -2.18295     -2.15883     -0.0993243     4.01136     0.0950662
5.36     -2.19971     -1.67597     -0.103011     5.25166     0.104576
5.37     -2.2117     -1.19885     -0.0942961     6.49047     0.111276
5.38     -2.21896     -0.725936     -0.0732309     7.7205     0.115059
5.39     -2.22152     -0.255592     -0.0399397     8.93448     0.115856
5.4     -2.21938     0.213841     0.00538127     10.1253     0.113634
5.41     -2.21254     0.684036     0.0624647     11.2858     0.108398
5.42     -2.20097     1.15666     0.130974     12.4093     0.100192
5.43     -2.18464     1.63333     0.210505     13.4891     0.0890945
5.44     -2.16348     2.11562     0.300589     14.5188     0.0752274
5.45     -2.13743     2.605     0.400695     15.4924     0.0587518
5.46     -2.1064     3.10279     0.510231     16.4042     0.0398718
5.47     -2.0703     3.61016     0.628553     17.2486     0.0188359
5.48     -2.02902     4.12808     0.754963     18.0209     -0.00406229
5.49     -1.98245     4.65721     0.888715     18.7163     -0.0284835
5.5     -1.93047     5.19792     1.02902     19.3309     -0.0540438
5.51     -1.87297     5.75017     1.17505     19.861     -0.0803178
5.52     -1.80983     6.31344     1.32595     20.3034     -0.106843
5.53     -1.74097     6.88666     1.48082     20.6556     -0.13313
5.54     -1.66629     7.46814     1.63875     20.9154     -0.15867
5.55     -1.58573     8.05545     1.79881     21.0814     -0.182956
5.56     -1.49928     8.64539     1.96006     21.1526     -0.205499
5.57     -1.40694     9.23388     2.12155     21.1285     -0.225848
5.58     -1.30878     9.81597     2.28232     21.0093     -0.243622
5.59     -1.20492     10.3858     2.44142     20.7957     -0.258529
5.6     -1.09555     10.9368     2.59792     20.4889     -0.270394
5.61     -0.980939     11.4614     2.75089     20.0908     -0.279173
5.62     -0.861422     11.9517     2.89944     19.6038     -0.284965
5.63     -0.737428     12.3994     3.04268     19.0305     -0.288012
5.64     -0.609467     12.7961     3.17977     18.3746     -0.288677
5.65     -0.478129     13.1338     3.30991     17.6398     -0.287414
5.66     -0.344076     13.4053     3.43232     16.8304     -0.284725
5.67     -0.208033     13.6043     3.54629     15.9513     -0.281108
5.68     -0.0707712     13.7262     3.65113     15.0076     -0.276999
5.69     0.0669077     13.7679     3.74624     14.0049     -0.272724
5.7     0.204192     13.7284     3.83105     12.9491     -0.268467
5.71     0.34028     13.6088     3.90507     11.8464     -0.264248
5.72     0.474399     13.4119     3.96784     10.7033     -0.259935
5.73     0.605823     13.1424     4.01902     9.52659     -0.255263
5.74     0.733887     12.8064     4.05829     8.32319     -0.249881
5.75     0.858     12.4113     4.08542     7.1002     -0.243399
5.76     0.977648     11.9649     4.10025     5.86482     -0.235438
5.77     1.09241     11.4757     4.1027     4.62434     -0.225675
5.78     1.20192     10.9519     4.09274     3.38608     -0.213881
5.79     1.30594     10.4016     4.07045     2.15733     -0.199937
5.8     1.40426     9.83217     4.03595     0.945346     -0.183844
5.81     1.49677     9.25033     3.98944     -0.242726     -0.165721
5.82     1.58338     8.66195     3.9312     -1.39988     -0.14579
5.83     1.6641     8.072     3.86157     -2.5193     -0.124358
5.84     1.73895     7.48456     3.78096     -3.59437     -0.101795
5.85     1.80798     6.90288     3.68985     -4.61876     -0.0785121
5.86     1.87127     6.3294     3.58877     -5.58643     -0.0549446
5.87     1.92893     5.76584     3.47833     -6.49167     -0.0315299
5.88     1.98106     5.21327     3.35916     -7.32914     -0.00869538
5.89     2.02779     4.67223     3.23199     -8.09391     0.013153
5.9     2.06921     4.14278     3.09754     -8.78146     0.0336391
5.91     2.10546     3.62455     2.95663     -9.38773     0.0524219
5.92     2.13663     3.11689     2.81007     -9.90917     0.0691985
5.93     2.16282     2.61885     2.65874     -10.3427     0.0837062
5.94     2.18411     2.12926     2.50352     -10.6857     0.0957225
5.95     2.20058     1.64679     2.34533     -10.9362     0.105065
5.96     2.21228     1.16998     2.18511     -11.0928     0.11159
5.97     2.21925     0.697264     2.02379     -11.1545     0.115193
5.98     2.22152     0.227023     1.86234     -11.1209     0.115807
5.99     2.2191     -0.242407     1.70169     -10.9922     0.113401
6     2.21197     -0.712703     1.54281     -10.7692     0.107983
6.01     2.20011     -1.18553     1.38662     -10.4532     0.0995981
6.02     2.18349     -1.6625     1.23405     -10.0461     0.0883286
6.03     2.16204     -2.14518     1.08599     -9.55028     0.0742978
6.04     2.13569     -2.63503     0.943327     -8.96865     0.0576696
6.05     2.10435     -3.13337     0.806894     -8.30464     0.0386509
6.06     2.06794     -3.64136     0.677496     -7.56217     0.0174928
6.07     2.02634     -4.15994     0.555897     -6.74562     -0.00550817
6.08     1.97944     -4.68977     0.442815     -5.8598     -0.0300101
6.09     1.92713     -5.23119     0.338915     -4.90994     -0.0556264
6.1     1.86929     -5.78413     0.244811     -3.90165     -0.0819292
6.11     1.80581     -6.34804     0.161057     -2.84086     -0.108454
6.12     1.73659     -6.92182     0.0881477     -1.73383     -0.13471
6.13     1.66155     -7.50373     0.0265128     -0.587087     -0.160188
6.14     1.58064     -8.0913     -0.0234842     0.592599     -0.184382
6.15     1.49383     -8.68127     -0.0615486     1.79828     -0.206804
6.16     1.40113     -9.26953     -0.0874558     3.02284     -0.227007
6.17     1.30262     -9.85106     -0.101053     4.25905     -0.244613
6.18     1.19842     -10.42     -0.10226     5.49964     -0.259339
6.19     1.08873     -10.9695     -0.09107     6.73728     -0.271016
6.2     0.973804     -11.4923     -0.0675486     7.96468     -0.279608
6.21     0.854001     -11.9802     -0.0318347     9.17459     -0.285226
6.22     0.729751     -12.4251     0.0158611     10.3599     -0.288117
6.23     0.601567     -12.8184     0.0752576     11.5136     -0.28865
6.24     0.470044     -13.1523     0.146004     12.6288     -0.287286
6.25     0.335849     -13.4195     0.227685     13.6991     -0.284527
6.26     0.199709     -13.614     0.319816     14.7181     -0.280868
6.27     0.0623989     -13.731     0.421856     15.6798     -0.276741
6.28     -0.0752792     -13.7678     0.533202     16.5785     -0.272464
6.29     -0.212514     -13.7234     0.653198     17.4089     -0.26821
6.3     -0.348504     -13.599     0.781137     18.1662     -0.26399
6.31     -0.482479     -13.3975     0.916263     18.8458     -0.259664
6.32     -0.613716     -13.1238     1.05778     19.4437     -0.25496
6.33     -0.741556     -12.784     1.20485     19.9565     -0.249523
6.34     -0.865411     -12.3855     1.35662     20.3811     -0.242961
6.35     -0.984774     -11.9363     1.51217     20.7149     -0.234898
6.36     -1.09922     -11.4447     1.67061     20.9561     -0.225018
6.37     -1.20841     -10.9191     1.83098     21.1032     -0.213095
6.38     -1.31209     -10.3674     1.99235     21.1554     -0.199018
6.39     -1.41006     -9.79706     2.15377     21.1123     -0.182798
6.4     -1.5022     -9.21467     2.31428     20.9741     -0.164558
6.41     -1.58846     -8.62606     2.47294     20.7418     -0.144526
6.42     -1.66883     -8.03615     2.62881     20.4166     -0.123014
6.43     -1.74332     -7.44898     2.78097     20.0005     -0.100394
6.44     -1.81199     -6.86774     2.92852     19.496     -0.077082
6.45     -1.87494     -6.29482     3.0706     18.9059     -0.0535113
6.46     -1.93226     -5.7319     3.20637     18.2339     -0.0301199
6.47     -1.98406     -5.18002     3.33502     17.4838     -0.00733404
6.48     -2.03046     -4.63969     3.4558     16.6601     0.0144419
6.49     -2.07157     -4.11093     3.56799     15.7677     0.0348337
6.5     -2.1075     -3.59338     3.67094     14.8117     0.0535027
6.51     -2.13836     -3.08633     3.76403     13.7979     0.0701484
6.52     -2.16425     -2.58884     3.84673     12.7322     0.0845105
6.53     -2.18525     -2.09972     3.91853     11.6209     0.0963689
6.54     -2.20143     -1.61764     3.97901     10.4705     0.105544
6.55     -2.21284     -1.14112     4.02783     9.28795     0.111894
6.56     -2.21952     -0.668602     4.06469     8.08006     0.115316
6.57     -2.22151     -0.198458     4.08937     6.85401     0.115747
6.58     -2.2188     0.270977     4.10173     5.61703     0.113157
6.59     -2.21138     0.74138     4.1017     4.37641     0.107557
6.6     -2.19924     1.21441     4.08927     3.13946     0.0989938
6.61     -2.18232     1.69169     4.06452     1.91349     0.0875524
6.62     -2.16057     2.17476     4.0276     0.705718     0.0733585
6.63     -2.13392     2.66509     3.97872     -0.476729     0.0565785
6.64     -2.10228     3.16399     3.91818     -1.62688     0.037422
6.65     -2.06556     3.6726     3.84632     -2.73795     0.0161429
6.66     -2.02364     4.19185     3.76357     -3.80339     -0.00695962
6.67     -1.97642     4.72238     3.67042     -4.81692     -0.0315408
6.68     -1.92377     5.26451     3.56742     -5.77255     -0.0572115
6.69     -1.86559     5.81813     3.45518     -6.66466     -0.0835414
6.7     -1.80176     6.38268     3.33436     -7.48798     -0.110064
6.71     -1.73219     6.95701     3.20567     -8.23765     -0.136287
6.72     -1.6568     7.53935     3.06987     -8.90927     -0.161702
6.73     -1.57553     8.12716     2.92776     -9.49886     -0.185802
6.74     -1.48836     8.71716     2.78017     -10.0029     -0.2081
6.75     -1.3953     9.30515     2.62799     -10.4186     -0.228155
6.76     -1.29644     9.88609     2.47211     -10.7432     -0.245594
6.77     -1.1919     10.454     2.31344     -10.9751     -0.260138
6.78     -1.08188     11.0022     2.15292     -11.1127     -0.271626
6.79     -0.966651     11.5231     1.9915     -11.1554     -0.280033
6.8     -0.846565     12.0086     1.83013     -11.1027     -0.285477
6.81     -0.722059     12.4505     1.66976     -10.9551     -0.288212
6.82     -0.593654     12.8405     1.51134     -10.7134     -0.288616
6.83     -0.461949     13.1705     1.3558     -10.3791     -0.287152
6.84     -0.327614     13.4335     1.20406     -9.95401     -0.284325
6.85     -0.191381     13.6233     1.05702     -9.44078     -0.280627
6.86     -0.0540252     13.7356     0.91553     -8.84238     -0.276483
6.87     0.083649     13.7674     0.78044     -8.16236     -0.272204
6.88     0.22083     13.7181     0.652542     -7.40472     -0.267953
6.89     0.356719     13.5889     0.53259     -6.57392     -0.263733
6.9     0.490548     13.3829     0.421291     -5.67488     -0.259392
6.91     0.621597     13.1049     0.319302     -4.71288     -0.254654
6.92     0.749211     12.7613     0.227224     -3.6936     -0.249159
6.93     0.872806     12.3595     0.145601     -2.62306     -0.242517
6.94     0.991881     11.9075     0.074913     -1.50756     -0.234352
6.95     1.10602     11.4136     0.0155775     -0.353689     -0.224352
6.96     1.21488     10.8862     -0.0320555     0.831755     -0.2123
6.97     1.31821     10.3332     -0.0677054     2.04178     -0.198092
6.98     1.41583     9.76191     -0.0911618     3.26925     -0.181744
6.99     1.50762     9.17898     -0.102286     4.50692     -0.163387
7     1.59352     8.59016     -0.101014     5.74751     -0.143256
7.01     1.67352     8.00031     -0.0873509     6.98368     -0.121665
7.02     1.74766     7.41342     -0.0613789     8.20816     -0.0989916
7.03     1.81599     6.83263     -0.0232508     9.41372     -0.075651
7.04     1.87859     6.26027     0.0268087     10.5933     -0.0520788
7.05     1.93557     5.698     0.0885043     11.7398     -0.0287121
7.06     1.98704     5.14682     0.161472     12.8466     -0.00597646
7.07     2.03311     4.60719     0.245282     13.9071     0.0157256
7.08     2.0739     4.07913     0.33944     14.9151     0.036022
7.09     2.10952     3.56224     0.44339     15.8647     0.054576
7.1     2.14008     3.0558     0.556519     16.7501     0.0710898
7.11     2.16567     2.55885     0.678161     17.5663     0.0853055
7.12     2.18637     2.0702     0.807598     18.3084     0.0970054
7.13     2.20226     1.5885     0.944067     18.9719     0.106012
7.14     2.21338     1.11227     1.08676     19.5531     0.112186
7.15     2.21978     0.639949     1.23484     20.0485     0.115428
7.16     2.22148     0.169896     1.38744     20.4551     0.115676
7.17     2.21848     -0.299551     1.54364     20.7706     0.112902
7.18     2.21078     -0.770066     1.70254     20.9931     0.10712
7.19     2.19835     -1.24331     1.86319     21.1213     0.0983789
7.2     2.18114     -1.72089     2.02465     21.1544     0.0867661
7.21     2.15909     -2.20437     2.18596     21.0922     0.0724096
7.22     2.13214     -2.69518     2.34618     20.9352     0.0554786
7.23     2.1002     -3.19464     2.50435     20.6841     0.0361853
7.24     2.06316     -3.70388     2.65955     20.3406     0.0147863
7.25     2.02092     -4.2238     2.81086     19.9066     -0.00841655
7.26     1.97337     -4.75503     2.95739     19.3847     -0.0330756
7.27     1.92039     -5.29786     3.09827     18.778     -0.0587991
7.28     1.86187     -5.85217     3.23268     18.0901     -0.0851543
7.29     1.7977     -6.41736     3.35982     17.3249     -0.111673
7.3     1.72777     -6.99223     3.47893     16.4871     -0.137862
7.31     1.65202     -7.57498     3.58933     15.5815     -0.163211
7.32     1.57039     -8.16303     3.69036     14.6135     -0.187215
7.33     1.48286     -8.75303     3.78141     13.5888     -0.209389
7.34     1.38945     -9.34075     3.86196     12.5135     -0.229294
7.35     1.29024     -9.92108     3.93153     11.3939     -0.246564
7.36     1.18536     -10.488     3.98971     10.2365     -0.260925
7.37     1.07502     -11.0347     4.03616     9.0483     -0.272225
7.38     0.95948     -11.5537     4.0706     7.8362     -0.280447
7.39     0.839111     -12.0368     4.09283     6.60739     -0.285717
7.4     0.714353     -12.4758     4.10272     5.36909     -0.288299
7.41     0.58573     -12.8624     4.1002     4.12862     -0.288575
7.42     0.453845     -13.1885     4.08531     2.89329     -0.287014
7.43     0.319373     -13.4472     4.05811     1.67038     -0.28412
7.44     0.183049     -13.6324     4.01878     0.467103     -0.280384
7.45     0.0456504     -13.7398     3.96754     -0.709441     -0.276224
7.46     -0.0920171     -13.7667     3.9047     -1.85232     -0.271943
7.47     -0.229142     -13.7125     3.83063     -2.95478     -0.267696
7.48     -0.364928     -13.5785     3.74576     -4.01034     -0.263474
7.49     -0.498607     -13.368     3.6506     -5.01276     -0.259118
7.5     -0.629465     -13.0858     3.54571     -5.95613     -0.254345
7.51     -0.75685     -12.7385     3.43169     -6.8349     -0.248792
7.52     -0.880184     -12.3334     3.30924     -7.64387     -0.242067
7.53     -0.998969     -11.8786     3.17907     -8.37828     -0.233799
7.54     -1.11279     -11.3824     3.04194     -9.0338     -0.223679
7.55     -1.22133     -10.8532     2.89867     -9.60656     -0.211498
7.56     -1.32431     -10.2989     2.75009     -10.0932     -0.197158
7.57     -1.42158     -9.72672     2.5971     -10.4908     -0.180683
7.58     -1.51301     -9.14328     2.44058     -10.7971     -0.162211
7.59     -1.59856     -8.55426     2.28147     -11.0102     -0.141981
7.6     -1.6782     -7.96449     2.12069     -11.1289     -0.120313
7.61     -1.75198     -7.37789     1.95921     -11.1525     -0.0975863
7.62     -1.81996     -6.79754     1.79796     -11.0808     -0.0742191
7.63     -1.88221     -6.22576     1.63791     -10.9143     -0.0506469
7.64     -1.93886     -5.66414     1.47999     -10.6539     -0.0273067
7.65     -1.98999     -5.11366     1.32514     -10.3013     -0.00462271
7.66     -2.03574     -4.57474     1.17426     -9.85838     0.0170041
7.67     -2.07621     -4.04737     1.02826     -9.32787     0.0372037
7.68     -2.11152     -3.53114     0.887989     -8.71286     0.0556418
7.69     -2.14178     -3.02531     0.754274     -8.01698     0.0720227
7.7     -2.16707     -2.5289     0.627905     -7.24435     0.0860911
7.71     -2.18747     -2.04071     0.509628     -6.3995     0.0976319
7.72     -2.20307     -1.55939     0.400139     -5.48743     0.10647
7.73     -2.2139     -1.08344     0.300085     -4.51352     0.112468
7.74     -2.22001     -0.611304     0.210056     -3.48351     0.11553
7.75     -2.22143     -0.141335     0.130582     -2.40346     0.115593
7.76     -2.21815     0.328128     0.0621321     -1.27976     0.112636
7.77     -2.21016     0.798762     0.00511013     -0.119028     0.106672
7.78     -2.19744     1.27222     -0.0401478     1.07189     0.0977534
7.79     -2.17994     1.75012     -0.0733748     2.28598     0.0859695
7.8     -2.1576     2.23401     -0.0943748     3.51607     0.0714512
7.81     -2.13034     2.72531     -0.103024     4.75491     0.05437
7.82     -2.09809     3.22533     -0.0992718     5.9952     0.0349408
7.83     -2.06074     3.73519     -0.0831398     7.22962     0.0134229
7.84     -2.01818     4.25579     -0.0547233     8.45089     -0.00987889
7.85     -1.9703     4.78772     -0.0141898     9.65181     -0.0346143
7.86     -1.91699     5.33126     0.0382214     10.8253     -0.060389
7.87     -1.85813     5.88626     0.102202     11.9644     -0.0867679
7.88     -1.79361     6.45207     0.177373     13.0625     -0.113281
7.89     -1.72333     7.02748     0.263293     14.113     -0.139433
7.9     -1.64723     7.61063     0.359454     15.1098     -0.164715
7.91     -1.56524     8.19891     0.46529     16.047     -0.18862
7.92     -1.47735     8.7889     0.580176     16.919     -0.210668
7.93     -1.38358     9.37633     0.703435     17.7207     -0.230423
7.94     -1.28402     9.95602     0.83434     18.4474     -0.247523
7.95     -1.1788     10.5219     0.972119     19.0948     -0.261701
7.96     -1.06813     11.0672     1.11596     19.6591     -0.272813
7.97     -0.952291     11.5842     1.26501     20.137     -0.28085
7.98     -0.831642     12.0649     1.4184     20.5256     -0.285948
7.99     -0.706633     12.5009     1.57522     20.8226     -0.288377
8     -0.577793     12.884     1.73454     21.0263     -0.288528
8.01     -0.44573     13.2062     1.89543     21.1355     -0.286871
8.02     -0.311124     13.4606     2.05694     21.1496     -0.283912
8.03     -0.174712     13.6412     2.2181     21.0684     -0.280139
8.04     -0.0372745     13.7438     2.37799     20.8925     -0.275965
8.05     0.100383     13.7658     2.53564     20.6228     -0.271683
8.06     0.237449     13.7066     2.69014     20.261     -0.267439
8.07     0.373128     13.5679     2.84056     19.8093     -0.263215
8.08     0.506656     13.3528     2.98603     19.2701     -0.258843
8.09     0.63732     13.0665     3.12568     18.6469     -0.254033
8.1     0.764474     12.7154     3.2587     17.9431     -0.24842
8.11     0.887545     12.307     3.38429     17.1631     -0.241612
8.12     1.00604     11.8495     3.50172     16.3113     -0.233239
8.13     1.11955     11.3511     3.6103     15.3928     -0.222999
8.14     1.22775     10.8201     3.70937     14.413     -0.210688
8.15     1.3304     10.2645     3.79837     13.3777     -0.196216
8.16     1.42731     9.69148     3.87676     12.293     -0.179614
8.17     1.51839     9.10755     3.94409     11.1653     -0.161027
8.18     1.60357     8.51836     3.99995     10.0012     -0.1407
8.19     1.68286     7.92867     4.04401     8.80769     -0.118956
8.2     1.75628     7.34237     4.07603     7.59168     -0.0961786
8.21     1.82391     6.7625     4.0958     6.36038     -0.0727865
8.22     1.88582     6.19129     4.10321     5.12107     -0.049216
8.23     1.94212     5.63033     4.09822     3.88104     -0.0259038
8.24     1.99293     5.08054     4.08085     2.64761     -0.00327289
8.25     2.03835     4.54233     4.05121     1.42805     0.0182774
8.26     2.07851     4.01565     4.00948     0.229556     0.0383789
8.27     2.11351     3.50008     3.9559     -0.940807     0.0566999
8.28     2.14346     2.99485     3.89078     -2.07614     0.072947
8.29     2.16845     2.49898     3.81451     -3.16974     0.0868674
8.3     2.18856     2.01125     3.72755     -4.21516     0.0982483
8.31     2.20386     1.5303     3.63039     -5.20624     0.106917
8.32     2.21441     1.05463     3.52362     -6.13713     0.112739
8.33     2.22024     0.582667     3.40787     -7.00235     0.115619
8.34     2.22136     0.112777     3.28381     -7.79678     0.1155
8.35     2.2178     -0.35671     3.15219     -8.51576     0.112359
8.36     2.20952     -0.827469     3.01376     -9.15503     0.106213
8.37     2.19651     -1.30115     2.86936     -9.71082     0.0971172
8.38     2.17872     -1.77938     2.71984     -10.1799     0.0851629
8.39     2.15608     -2.26367     2.56606     -10.5594     0.0704833
8.4     2.12852     -2.75547     2.40895     -10.8472     0.0532527
8.41     2.09596     -3.25606     2.24943     -11.0415     0.0336885
8.42     2.0583     -3.76655     2.08844     -11.1412     0.0120529
8.43     2.01542     -4.28782     1.92693     -11.1457     -0.0113465
8.44     1.96722     -4.82046     1.76584     -11.0551     -0.0361569
8.45     1.91357     -5.3647     1.60614     -10.8697     -0.0619811
8.46     1.85436     -5.92038     1.44876     -10.5908     -0.0883819
8.47     1.7895     -6.48682     1.29463     -10.2199     -0.114888
8.48     1.71887     -7.06276     1.14466     -9.75925     -0.141001
8.49     1.64241     -7.64631     0.999737     -9.21158     -0.166213
8.5     1.56006     -8.23479     0.86071     -8.5801     -0.19002
8.51     1.47181     -8.82476     0.728402     -7.86854     -0.21194
8.52     1.37769     -9.41187     0.603592     -7.08109     -0.231543
8.53     1.27778     -9.99091     0.487017     -6.22239     -0.248471
8.54     1.17222     -10.5558     0.379365     -5.29752     -0.262465
8.55     1.06123     -11.0995     0.281269     -4.31192     -0.273389
8.56     0.945084     -11.6146     0.193309     -3.27141     -0.281242
8.57     0.824156     -12.0928     0.116004     -2.18213     -0.286168
8.58     0.698898     -12.5258     0.0498081     -1.05048     -0.288447
8.59     0.569844     -12.9054     -0.00488699     0.116839     -0.288474
8.6     0.437607     -13.2237     -0.0477591     1.31296     -0.286723
8.61     0.302869     -13.4737     -0.0785553     2.53082     -0.283702
8.62     0.166372     -13.6497     -0.0970942     3.76324     -0.279893
8.63     0.0288979     -13.7474     -0.103266     5.00296     -0.275705
8.64     -0.108747     -13.7645     -0.0970351     6.24266     -0.271423
8.65     -0.245751     -13.7004     -0.0784375     7.47503     -0.267183
8.66     -0.38132     -13.5569     -0.0475832     8.6928     -0.262956
8.67     -0.514694     -13.3373     -0.00465407     9.8888     -0.258566
8.68     -0.645163     -13.0469     0.0500967     11.056     -0.253719
8.69     -0.772084     -12.6921     0.116346     12.1874     -0.248044
8.7     -0.894889     -12.2805     0.193704     13.2765     -0.24115
8.71     -1.01309     -11.8202     0.281713     14.3168     -0.232672
8.72     -1.12629     -11.3196     0.379856     15.3021     -0.222311
8.73     -1.23416     -10.787     0.487552     16.2266     -0.209869
8.74     -1.33646     -10.2301     0.604168     17.085     -0.195266
8.75     -1.43302     -9.65621     0.729015     17.8721     -0.178538
8.76     -1.52374     -9.0718     0.861357     18.5833     -0.159837
8.77     -1.60856     -8.48245     1.00041     19.2144     -0.139414
8.78     -1.68749     -7.89287     1.14537     19.7617     -0.117596
8.79     -1.76056     -7.30689     1.29536     20.2219     -0.0947687
8.8     -1.82784     -6.72748     1.4495     20.5923     -0.0713531
8.81     -1.8894     -6.15686     1.6069     20.8708     -0.047786
8.82     -1.94537     -5.59655     1.76661     21.0557     -0.0245033
8.83     -1.99584     -5.04746     1.9277     21.1459     -0.00192707
8.84     -2.04094     -4.50996     2.08921     21.141     0.0195452
8.85     -2.08078     -3.98398     2.2502     21.0408     0.0395476
8.86     -2.11547     -3.46905     2.40971     20.846     0.0577503
8.87     -2.14512     -2.96443     2.56681     20.5578     0.0738627
8.88     -2.16981     -2.46909     2.72056     20.1778     0.0876343
8.89     -2.18963     -1.98181     2.87006     19.7084     0.0988547
8.9     -2.20464     -1.50122     3.01444     19.1522     0.107354
8.91     -2.2149     -1.02582     3.15283     18.5125     0.112999
8.92     -2.22044     -0.554037     3.28442     17.7932     0.115698
8.93     -2.22128     -0.0842198     3.40844     16.9984     0.115395
8.94     -2.21743     0.385297     3.52415     16.1328     0.112071
8.95     -2.20887     0.856187     3.63088     15.2017     0.105744
8.96     -2.19556     1.3301     3.72799     14.2103     0.0964704
8.97     -2.17748     1.80865     3.8149     13.1646     0.0843461
8.98     -2.15454     2.29336     3.89112     12.0708     0.0695059
8.99     -2.12669     2.78566     3.95618     10.9353     0.0521267
9     -2.09382     3.28682     4.00971     9.76479     0.0324285
9.01     -2.05584     3.79795     4.05138     8.56618     0.0106764
9.02     -2.01264     4.3199     4.08096     7.34654     -0.0128194
9.03     -1.96411     4.85323     4.09827     6.11306     -0.0377032
9.04     -1.91013     5.39818     4.1032     4.87302     -0.0635754
9.05     -1.85058     5.95454     4.09573     3.63372     -0.0899964
9.06     -1.78537     6.5216     4.0759     2.40248     -0.116493
9.07     -1.71438     7.09807     4.04383     1.18656     -0.142566
9.08     -1.63756     7.682     3.99971     -0.00686667     -0.167707
9.09     -1.55486     8.27068     3.94379     -1.17077     -0.191412
9.1     -1.46625     8.86061     3.87641     -2.29829     -0.213203
9.11     -1.37178     9.44739     3.79797     -3.38276     -0.232652
9.12     -1.27152     10.0257     3.70892     -4.41781     -0.249408
9.13     -1.16563     10.5895     3.6098     -5.39731     -0.263218
9.14     -1.05431     11.1317     3.50118     -6.3155     -0.273954
9.15     -0.93786     11.6448     3.38371     -7.16697     -0.281623
9.16     -0.816655     12.1205     3.25808     -7.94668     -0.286379
9.17     -0.691149     12.5505     3.12503     -8.65004     -0.288508
9.18     -0.561883     12.9266     2.98535     -9.27291     -0.288413
9.19     -0.429474     13.2409     2.83986     -9.81161     -0.28657
9.2     -0.294608     13.4866     2.68941     -10.263     -0.283488
9.21     -0.158028     13.6579     2.5349     -10.6243     -0.279645
9.22     -0.0205206     13.7508     2.37723     -10.8935     -0.275445
9.23     0.117108     13.7629     2.21734     -11.069     -0.271164
9.24     0.254048     13.694     2.05617     -11.1497     -0.266926
9.25     0.389505     13.5457     1.89466     -11.1352     -0.262696
9.26     0.522721     13.3216     1.73378     -11.0256     -0.258288
9.27     0.652992     13.0271     1.57447     -10.8214     -0.253401
9.28     0.779678     12.6686     1.41766     -10.5239     -0.247664
9.29     0.902216     12.2538     1.26429     -10.1349     -0.240683
9.3     1.02012     11.7908     1.11526     -9.65664     -0.232098
9.31     1.13301     11.2881     0.971447     -9.09194     -0.221614
9.32     1.24054     10.7537     0.833699     -8.44414     -0.209043
9.33     1.3425     10.1956     0.702829     -7.71705     -0.194308
9.34     1.43871     9.6209     0.579608     -6.91498     -0.177454
9.35     1.52907     9.03603     0.464764     -6.04264     -0.158641
9.36     1.61353     8.44655     0.358972     -5.10518     -0.138123
9.37     1.6921     7.85709     0.262859     -4.10813     -0.116232
9.38     1.76482     7.27142     0.176989     -3.05737     -0.0933566
9.39     1.83174     6.69249     0.10187     -1.95909     -0.0699193
9.4     1.89297     6.12247     0.0379439     -0.819778     -0.046357
9.41     1.9486     5.56282     -0.0144115     0.353857     -0.0231055
9.42     1.99874     5.01443     -0.0548876     1.55489     -0.000585349
9.43     2.04352     4.47764     -0.0832459     2.77624     0.0208076
9.44     2.08304     3.95234     -0.0993191     4.0107     0.0407095
9.45     2.11742     3.43807     -0.103012     5.251     0.058793
9.46     2.14676     2.93404     -0.094304     6.48982     0.0747697
9.47     2.17115     2.43923     -0.0732453     7.71985     0.0883917
9.48     2.19068     1.9524     -0.0399604     8.93384     0.099451
9.49     2.2054     1.47217     0.00535429     10.1246     0.10778
9.5     2.21537     0.997036     0.0624316     11.2852     0.113248
9.51     2.22062     0.525415     0.130935     12.4087     0.115766
9.52     2.22118     0.0556639     0.21046     13.4885     0.115279
9.53     2.21704     -0.413889     0.300539     14.5183     0.111771
9.54     2.20819     -0.884916     0.400639     15.4919     0.105263
9.55     2.1946     -1.35907     0.510171     16.4037     0.0958131
9.56     2.17622     -1.83795     0.628489     17.2482     0.0835193
9.57     2.15299     -2.32308     0.754895     18.0205     0.0685191
9.58     2.12483     -2.81588     0.888643     18.716     0.0509921
9.59     2.09166     -3.31763     1.02894     19.3306     0.031161
9.6     2.05336     -3.82939     1.17497     19.8607     0.00929342
9.61     2.00984     -4.35201     1.32587     20.3032     -0.0142975
9.62     1.96098     -4.88606     1.48074     20.6554     -0.0392532
9.63     1.90666     -5.43171     1.63867     20.9153     -0.0651718
9.64     1.84678     -5.98874     1.79873     21.0814     -0.0916111
9.65     1.78121     -6.55642     1.95998     21.1526     -0.118096
9.66     1.70988     -7.13341     2.12146     21.1285     -0.144127
9.67     1.6327     -7.71771     2.28223     21.0094     -0.169195
9.68     1.54964     -8.30658     2.44134     20.7958     -0.192797
9.69     1.46067     -8.89645     2.59784     20.4891     -0.214457
9.7     1.36584     -9.48287     2.75081     20.0911     -0.233752
9.71     1.26524     -10.0605     2.89936     19.604     -0.250334
9.72     1.15901     -10.6232     3.04261     19.0309     -0.26396
9.73     1.04737     -11.1639     3.1797     18.375     -0.274507
9.74     0.930618     -11.6749     3.30984     17.6402     -0.281994
9.75     0.809137     -12.1481     3.43226     16.8309     -0.28658
9.76     0.683387     -12.575     3.54623     15.9518     -0.288562
9.77     0.553911     -12.9476     3.65108     15.0081     -0.288346
9.78     0.421332     -13.2579     3.74619     14.0054     -0.286413
9.79     0.28634     -13.4992     3.83101     12.9496     -0.283271
9.8     0.149681     -13.6659     3.90503     11.847     -0.279397
9.81     0.0121428     -13.7538     3.96781     10.7039     -0.275185
9.82     -0.125467     -13.761     4.019     9.52722     -0.270904
9.83     -0.262339     -13.6872     4.05827     8.32383     -0.26667
9.84     -0.397681     -13.5342     4.08541     7.10085     -0.262435
9.85     -0.530737     -13.3057     4.10025     5.86547     -0.258008
9.86     -0.660807     -13.007     4.1027     4.62499     -0.25308
9.87     -0.787257     -12.6449     4.09275     3.38673     -0.247278
9.88     -0.909526     -12.2269     4.07047     2.15797     -0.24021
9.89     -1.02714     -11.7613     4.03597     0.945978     -0.231516
9.9     -1.1397     -11.2564     3.98947     -0.242109     -0.220911
9.91     -1.24691     -10.7204     3.93123     -1.39928     -0.208208
9.92     -1.34852     -10.161     3.86161     -2.51872     -0.193342
9.93     -1.44437     -9.58554     3.781     -3.59382     -0.176364
9.94     -1.53437     -9.00025     3.6899     -4.61824     -0.157438
9.95     -1.61848     -8.41064     3.58883     -5.58594     -0.136826
9.96     -1.69669     -7.82131     3.47839     -6.49121     -0.114864
9.97     -1.76905     -7.23598     3.35923     -7.32872     -0.0919424
9.98     -1.83563     -6.65754     3.23206     -8.09352     -0.0684849
9.99     -1.89651     -6.08811     3.09762     -8.78111     -0.0449293
10     -1.9518     -5.52913     2.9567     -9.38744     -0.0217104
